   0.00000000       0.00000000       0.00000000    
   2.16240603E-02   2.29357791       2.29128432    
   4.32481207E-02   4.58715582       4.57798147    
   6.48721829E-02   6.88073397       6.86009169    
   8.64962414E-02   9.17431164       9.13761425    
  0.108120300       11.4678898       11.4105501    
  0.129744366       13.7614679       13.6788988    
  0.151368424       16.0550461       15.9426603    
  0.172992483       18.3486233       18.2018337    
  0.194616541       20.6422005       20.4564209    
  0.216240600       22.9357796       22.7064209    
  0.237864658       25.2293568       24.9518337    
  0.259488732       27.5229359       27.1926613    
  0.281112790       29.8165150       29.4288998    
  0.302736849       32.1100922       31.6605511    
  0.324360907       34.4036713       33.8876152    
  0.345984966       36.6972466       36.1100922    
  0.367609024       38.9908257       38.3279800    
  0.389233083       41.2844009       40.5412827    
  0.410857141       43.5779800       42.7500000    
  0.432481200       45.8715591       44.9541283    
  0.454105258       48.1651344       47.1536674    
  0.475729316       50.4587135       49.3486214    
  0.497353375       52.7522926       51.5389900    
  0.518977463       55.0458717       53.7247696    
  0.540601552       57.3394547       55.9059677    
  0.562225640       59.6330338       58.0825729    
  0.583849728       61.9266167       60.2545967    
  0.605473816       64.2201996       62.4220352    
  0.627097905       66.5137787       64.5848770    
  0.648721993       68.8073578       66.7431335    
  0.670346081       71.1009369       68.8968048    
  0.691970170       73.3945236       71.0458984    
  0.713594258       75.6881027       73.1903915    
  0.735218346       77.9816818       75.3303070    
  0.756842434       80.2752609       77.4656219    
  0.778466523       82.5688400       79.5963593    
  0.800090611       84.8624268       81.7225189    
  0.821714699       87.1560059       83.8440781    
  0.843338788       89.4495850       85.9610519    
  0.864962876       91.7431641       88.0734329    
  0.886586964       94.0367508       90.1812439    
  0.908211052       96.3303299       92.2844543    
  0.929835141       98.6239090       94.3830795    
  0.951459229       100.917488       96.4771118    
  0.973083317       103.211075       98.5665741    
  0.994707406       105.504654       100.651436    
   1.01633143       107.798225       102.731705    
   1.03795552       110.091805       104.807396    
   1.05957961       112.385391       106.878502    
   1.08120370       114.678970       108.945015    
   1.10282779       116.972549       111.006943    
   1.12445188       119.266129       113.064285    
   1.14607596       121.559715       115.117043    
   1.16770005       123.853294       117.165215    
   1.18932414       126.146873       119.208794    
   1.21094823       128.440460       121.247787    
   1.23257232       130.734039       123.282196    
   1.25419641       133.027618       125.312012    
   1.27582049       135.321198       127.337242    
   1.29744458       137.614777       129.357880    
   1.31906867       139.908356       131.373932    
   1.34069276       142.201935       133.385406    
   1.36231685       144.495529       135.392303    
   1.38394094       146.789108       137.394592    
   1.40556502       149.082687       139.392303    
   1.42718911       151.376266       141.385422    
   1.44881320       153.669846       143.373962    
   1.47043729       155.963425       145.357910    
   1.49206138       158.257004       147.337265    
   1.51368546       160.550583       149.312027    
   1.53530955       162.844162       151.282211    
   1.55693364       165.137756       153.247833    
   1.57855773       167.431335       155.208832    
   1.60018182       169.724915       157.165253    
   1.62180591       172.018494       159.117096    
   1.64342999       174.312073       161.064346    
   1.66505408       176.605652       163.007004    
   1.68667817       178.899231       164.945084    
   1.70830226       181.192810       166.878571    
   1.72992635       183.486404       168.807480    
   1.75155044       185.779984       170.731796    
   1.77317452       188.073563       172.651520    
   1.79479861       190.367142       174.566650    
   1.81642270       192.660721       176.477203    
   1.83804679       194.954300       178.383163    
   1.85967088       197.247879       180.284546    
   1.88129497       199.541458       182.181335    
   1.90291905       201.835052       184.073547    
   1.92454314       204.128632       185.961166    
   1.94616723       206.422211       187.844193    
   1.96779132       208.715790       189.722641    
   1.98941541       211.009369       191.596497    
   2.01103950       213.302948       193.465759    
   2.03266358       215.596527       195.330429    
   2.05428767       217.890106       197.190521    
   2.07591176       220.183685       199.046036    
   2.09753585       222.477280       200.896957    
   2.11915994       224.770859       202.743286    
   2.14078403       227.064438       204.585037    
   2.16240811       229.358017       206.422195    
   2.18403220       231.651596       208.254761    
   2.20565629       233.945175       210.082748    
   2.22728038       236.238754       211.906143    
   2.24890447       238.532333       213.724945    
   2.27052855       240.825928       215.539185    
   2.29215264       243.119507       217.348816    
   2.31377673       245.413086       219.153854    
   2.33540082       247.706665       220.954315    
   2.35702491       250.000244       222.750183    
   2.37864900       252.293823       224.541473    
   2.40027308       254.587402       226.328171    
   2.42189717       256.880981       228.110275    
   2.44352126       259.174561       229.887802    
   2.46514535       261.468140       231.660736    
   2.48676944       263.761719       233.429092    
   2.50839353       266.055298       235.192856    
   2.53001761       268.348877       236.952026    
   2.55164170       270.642487       238.706635    
   2.57326579       272.936066       240.456635    
   2.59488988       275.229645       242.202057    
   2.61651397       277.523224       243.942871    
   2.63813806       279.816803       245.679108    
   2.65976214       282.110382       247.410767    
   2.68138623       284.403961       249.137833    
   2.70301032       286.697540       250.860306    
   2.72463441       288.991119       252.578201    
   2.74625850       291.284698       254.291504    
   2.76788259       293.578278       256.000214    
   2.78950667       295.871857       257.704346    
   2.81113076       298.165436       259.403870    
   2.83275485       300.459015       261.098846    
   2.85437894       302.752594       262.789215    
   2.87600303       305.046173       264.474976    
   2.89762712       307.339752       266.156189    
   2.91925120       309.633362       267.832825    
   2.94087529       311.926941       269.504822    
   2.96249938       314.220520       271.172272    
   2.98412347       316.514099       272.835114    
   3.00574756       318.807678       274.493378    
   3.02737164       321.101257       276.147034    
   3.04899573       323.394836       277.796112    
   3.07061982       325.688416       279.440613    
   3.09224391       327.981995       281.080505    
   3.11386800       330.275574       282.715851    
   3.13549209       332.569153       284.346558    
   3.15711617       334.862732       285.972717    
   3.17874026       337.156311       287.594269    
   3.20036435       339.449890       289.211243    
   3.22198844       341.743469       290.823639    
   3.24361253       344.037048       292.431427    
   3.26523662       346.330658       294.034668    
   3.28686070       348.624237       295.633301    
   3.30848479       350.917816       297.227325    
   3.33010888       353.211395       298.816772    
   3.35173297       355.504974       300.401642    
   3.37335706       357.798553       301.981934    
   3.39498115       360.092133       303.557617    
   3.41660523       362.385712       305.128723    
   3.43822932       364.679291       306.695221    
   3.45985341       366.972870       308.257141    
   3.48147750       369.266449       309.814484    
   3.50310159       371.560028       311.367249    
   3.52472568       373.853607       312.915405    
   3.54634976       376.147186       314.458984    
   3.56797385       378.440765       315.997955    
   3.58959794       380.734344       317.532379    
   3.61122203       383.027924       319.062195    
   3.63284612       385.321533       320.587463    
   3.65447021       387.615112       322.108093    
   3.67609429       389.908691       323.624146    
   3.69771838       392.202271       325.135620    
   3.71934247       394.495850       326.642487    
   3.74096656       396.789429       328.144775    
   3.76259065       399.083008       329.642487    
   3.78421474       401.376587       331.135620    
   3.80583882       403.670166       332.624146    
   3.82746291       405.963745       334.108093    
   3.84908700       408.257324       335.587433    
   3.87071109       410.550903       337.062195    
   3.89233518       412.844482       338.532379    
   3.91395926       415.138062       339.997986    
   3.93558335       417.431641       341.458984    
   3.95720744       419.725220       342.915405    
   3.97883153       422.018799       344.367249    
   4.00045538       424.312378       345.814514    
   4.02207947       426.605957       347.257172    
   4.04370356       428.899536       348.695251    
   4.06532764       431.193115       350.128723    
   4.08695173       433.486694       351.557617    
   4.10857582       435.780273       352.981934    
   4.13019991       438.073853       354.401642    
   4.15182400       440.367432       355.816803    
   4.17344809       442.661011       357.227356    
   4.19507217       444.954590       358.633301    
   4.21669626       447.248169       360.034668    
   4.23832035       449.541748       361.431458    
   4.25994444       451.835327       362.823669    
   4.28156853       454.128906       364.211273    
   4.30319262       456.422516       365.594330    
   4.32481670       458.716095       366.972778    
   4.34644079       461.009674       368.346619    
   4.36806488       463.303253       369.715881    
   4.38968897       465.596832       371.080566    
   4.41131306       467.890411       372.440674    
   4.43293715       470.183990       373.796173    
   4.45456123       472.477570       375.147095    
   4.47618532       474.771149       376.493408    
   4.49780941       477.064728       377.835144    
   4.51943350       479.358307       379.172302    
   4.54105759       481.651886       380.504883    
   4.56268167       483.945465       381.832855    
   4.58430576       486.239044       383.156250    
   4.60592985       488.532623       384.475037    
   4.62755394       490.826202       385.789276    
   4.64917803       493.119781       387.098907    
   4.67080212       495.413391       388.403992    
   4.69242620       497.706970       389.704437    
   4.71405029       500.000549       391.000305    
   4.73567438       502.294128       392.291595    
   4.75729847       504.587708       393.578278    
   4.77892256       506.881287       394.860413    
   4.80054665       509.174866       396.137909    
   4.82217073       511.468445       397.410858    
   4.84379482       513.762024       398.679199    
   4.86541891       516.055603       399.942963    
   4.88704300       518.349182       401.202148    
   4.90866709       520.642761       402.456726    
   4.93029118       522.936340       403.706726    
   4.95191526       525.229919       404.952118    
   4.97353935       527.523499       406.192963    
   4.99516344       529.817078       407.429199    
   5.01678753       532.110657       408.660828    
   5.03841162       534.404236       409.887909    
   5.06003571       536.697815       411.110382    
   5.08165979       538.991394       412.328247    
   5.10328388       541.284973       413.541565    
   5.12490797       543.578552       414.750305    
   5.14653206       545.872131       415.954407    
   5.16815615       548.165710       417.153931    
   5.18978024       550.459290       418.348907    
   5.21140432       552.752930       419.539307    
   5.23302841       555.046509       420.725098    
   5.25465250       557.340088       421.906311    
   5.27627659       559.633667       423.082886    
   5.29790068       561.927246       424.254944    
   5.31952477       564.220825       425.422363    
   5.34114885       566.514404       426.585205    
   5.36277294       568.807983       427.743439    
   5.38439703       571.101562       428.897095    
   5.40602112       573.395142       430.046204    
   5.42764521       575.688721       431.190674    
   5.44926929       577.982300       432.330597    
   5.47089338       580.275879       433.465912    
   5.49251747       582.569458       434.596649    
   5.51414156       584.863037       435.722778    
   5.53576565       587.156616       436.844360    
   5.55738974       589.450195       437.961304    
   5.57901382       591.743774       439.073700    
   5.60063791       594.037354       440.181519    
   5.62226200       596.330933       441.284698    
   5.64388609       598.624512       442.383331    
   5.66551018       600.918091       443.477356    
   5.68713427       603.211670       444.566833    
   5.70875835       605.505249       445.651672    
   5.73038244       607.798828       446.731934    
   5.75200653       610.092407       447.807617    
   5.77363062       612.385986       448.878723    
   5.79525471       614.679565       449.945251    
   5.81687880       616.973145       451.007172    
   5.83850288       619.266724       452.064514    
   5.86012697       621.560303       453.117249    
   5.88175106       623.853882       454.165405    
   5.90337515       626.147461       455.208984    
   5.92499924       628.441101       456.248047    
   5.94662333       630.734680       457.282471    
   5.96824741       633.028259       458.312256    
   5.98987150       635.321838       459.337494    
   6.01149559       637.615417       460.358124    
   6.03311968       639.908997       461.374207    
   6.05474377       642.202576       462.385620    
   6.07636786       644.496155       463.392517    
   6.09799194       646.789734       464.394836    
   6.11961603       649.083313       465.392517    
   6.14124012       651.376892       466.385651    
   6.16286421       653.670471       467.374146    
   6.18448830       655.964050       468.358124    
   6.20611238       658.257629       469.337463    
   6.22773647       660.551208       470.312256    
   6.24936056       662.844788       471.282410    
   6.27098465       665.138367       472.248016    
   6.29260874       667.431946       473.209045    
   6.31423283       669.725525       474.165436    
   6.33585691       672.019104       475.117279    
   6.35748100       674.312683       476.064514    
   6.37910509       676.606262       477.007172    
   6.40072918       678.899841       477.945251    
   6.42235327       681.193420       478.878723    
   6.44397736       683.487000       479.807617    
   6.46560144       685.780579       480.731934    
   6.48722553       688.074158       481.651672    
   6.50884962       690.367737       482.566803    
   6.53047371       692.661316       483.477356    
   6.55209780       694.954895       484.383301    
   6.57372189       697.248474       485.284668    
   6.59534597       699.542053       486.181458    
   6.61697006       701.835632       487.073669    
   6.63859415       704.129211       487.961304    
   6.66021824       706.422852       488.844360    
   6.68184233       708.716431       489.722778    
   6.70346642       711.010010       490.596649    
   6.72509050       713.303589       491.465942    
   6.74671459       715.597168       492.330597    
   6.76833868       717.890747       493.190674    
   6.78996277       720.184326       494.046173    
   6.81158686       722.477905       494.897095    
   6.83321095       724.771484       495.743408    
   6.85483503       727.065063       496.585175    
   6.87645912       729.358643       497.422302    
   6.89808321       731.652222       498.254883    
   6.91970730       733.945801       499.082855    
   6.94133139       736.239380       499.906250    
   6.96295547       738.532959       500.725067    
   6.98457956       740.826538       501.539307    
   7.00620365       743.120117       502.348907    
   7.02782774       745.413696       503.153961    
   7.04945183       747.707275       503.954407    
   7.07107592       750.000854       504.750305    
   7.09270000       752.294434       505.541565    
   7.11432409       754.588013       506.328247    
   7.13594818       756.881592       507.110352    
   7.15757227       759.175171       507.887878    
   7.17919636       761.468750       508.660828    
   7.20082045       763.762329       509.429169    
   7.22244453       766.055908       510.192932    
   7.24406862       768.349487       510.952087    
   7.26569271       770.643066       511.706665    
   7.28731680       772.936646       512.456665    
   7.30894089       775.230225       513.202087    
   7.33056498       777.523804       513.942871    
   7.35218906       779.817383       514.679138    
   7.37381315       782.110962       515.410767    
   7.39543724       784.404602       516.137939    
   7.41706133       786.698181       516.860352    
   7.43868542       788.991760       517.578247    
   7.46030951       791.285339       518.291565    
   7.48193359       793.578918       519.000244    
   7.50355768       795.872498       519.704407    
   7.52518177       798.166077       520.403931    
   7.54680586       800.459656       521.098877    
   7.56842995       802.753235       521.789307    
   7.59005404       805.046814       522.475037    
   7.61167812       807.340393       523.156250    
   7.63330221       809.633972       523.832825    
   7.65492630       811.927551       524.504883    
   7.67655039       814.221130       525.172302    
   7.69817448       816.514709       525.835083    
   7.71979856       818.808289       526.493408    
   7.74142265       821.101868       527.147034    
   7.76304674       823.395447       527.796143    
   7.78467083       825.689026       528.440613    
   7.80629492       827.982605       529.080566    
   7.82791901       830.276184       529.715820    
   7.84954309       832.569763       530.346558    
   7.87116718       834.863342       530.972717    
   7.89279127       837.156921       531.594238    
   7.91441536       839.450500       532.211243    
   7.93603945       841.744080       532.823608    
   7.95766354       844.037659       533.431396    
   7.97928762       846.331238       534.034668    
   8.00091171       848.624817       534.633240    
   8.02253532       850.918396       535.227295    
   8.04415894       853.211914       535.816772    
   8.06578255       855.505432       536.401611    
   8.08740616       857.798950       536.981812    
   8.10902977       860.092468       537.557495    
   8.13065338       862.386047       538.128662    
   8.15227699       864.679565       538.695129    
   8.17390060       866.973083       539.257019    
   8.19552422       869.266602       539.814331    
   8.21714783       871.560120       540.367065    
   8.23877144       873.853699       540.915283    
   8.26039505       876.147217       541.458862    
   8.28201866       878.440735       541.997803    
   8.30364227       880.734253       542.532104    
   8.32526588       883.027771       543.061951    
   8.34688950       885.321350       543.587219    
   8.36851311       887.614868       544.107788    
   8.39013672       889.908386       544.623901    
   8.41176033       892.201904       545.135315    
   8.43338394       894.495422       545.642212    
   8.45500755       896.789001       546.144531    
   8.47663116       899.082520       546.642212    
   8.49825478       901.376038       547.135254    
   8.51987839       903.669556       547.623779    
   8.54150200       905.963074       548.107666    
   8.56312561       908.256653       548.587158    
   8.58474922       910.550171       549.061890    
   8.60637283       912.843689       549.531982    
   8.62799644       915.137207       549.997559    
   8.64962006       917.430725       550.458618    
   8.67124367       919.724304       550.915039    
   8.69286728       922.017822       551.366821    
   8.71449089       924.311340       551.814087    
   8.73611450       926.604858       552.256714    
   8.75773811       928.898376       552.694824    
   8.77936172       931.191956       553.128296    
   8.80098534       933.485474       553.557190    
   8.82260895       935.778992       553.981445    
   8.84423256       938.072510       554.401184    
   8.86585617       940.366028       554.816284    
   8.88747978       942.659607       555.226929    
   8.90910339       944.953125       555.632812    
   8.93072701       947.246643       556.034180    
   8.95235062       949.540161       556.430969    
   8.97397423       951.833679       556.823120    
   8.99559784       954.127258       557.210815    
   9.01722145       956.420776       557.593872    
   9.03884506       958.714294       557.972229    
   9.06046867       961.007812       558.346069    
   9.08209229       963.301331       558.715332    
   9.10371590       965.594910       559.080078    
   9.12533951       967.888428       559.440125    
   9.14696312       970.181946       559.795654    
   9.16858673       972.475464       560.146484    
   9.19021034       974.768982       560.492798    
   9.21183395       977.062561       560.834595    
   9.23345757       979.356079       561.171753    
   9.25508118       981.649597       561.504333    
   9.27670479       983.943115       561.832275    
   9.29832840       986.236633       562.155640    
   9.31995201       988.530212       562.474487    
   9.34157562       990.823730       562.788696    
   9.36319923       993.117249       563.098328    
   9.38482285       995.410767       563.403381    
   9.40644646       997.704285       563.703857    
   9.42807007       999.997864       563.999756    
   9.44969368       1002.29138       564.291016    
   9.47131729       1004.58490       564.577698    
   9.49294090       1006.87842       564.859741    
   9.51456451       1009.17194       565.137268    
   9.53618813       1011.46552       565.410278    
   9.55781174       1013.75903       565.678589    
   9.57943535       1016.05255       565.942383    
   9.60105896       1018.34607       566.201538    
   9.62268257       1020.63959       566.456055    
   9.64430618       1022.93317       566.706177    
   9.66592979       1025.22668       566.951538    
   9.68755341       1027.52026       567.192383    
   9.70917702       1029.81372       567.428589    
   9.73080063       1032.10730       567.660278    
   9.75242424       1034.40076       567.887268    
   9.77404785       1036.69434       568.109802    
   9.79567146       1038.98792       568.327759    
   9.81729507       1041.28137       568.541016    
   9.83891869       1043.57495       568.749756    
   9.86054230       1045.86841       568.953796    
   9.88216591       1048.16199       569.153381    
   9.90378952       1050.45557       569.348389    
   9.92541313       1052.74902       569.538696    
   9.94703674       1055.04260       569.724487    
   9.96866035       1057.33606       569.905640    
   9.99028397       1059.62964       570.082275    
   10.0119076       1061.92322       570.254395    
   10.0335312       1064.21667       570.421753    
   10.0551548       1066.51025       570.584595    
   10.0767784       1068.80371       570.742798    
   10.0984020       1071.09729       570.896545    
   10.1200256       1073.39087       571.045654    
   10.1416492       1075.68433       571.190063    
   10.1632729       1077.97791       571.330078    
   10.1848965       1080.27136       571.465332    
   10.2065201       1082.56494       571.596069    
   10.2281437       1084.85852       571.722290    
   10.2497673       1087.15198       571.843811    
   10.2713909       1089.44556       571.960815    
   10.2930145       1091.73901       572.073120    
   10.3146381       1094.03259       572.180969    
   10.3362617       1096.32617       572.284241    
   10.3578854       1098.61963       572.382812    
   10.3795090       1100.91321       572.476929    
   10.4011326       1103.20667       572.566284    
   10.4227562       1105.50024       572.651184    
   10.4443798       1107.79382       572.731567    
   10.4660034       1110.08728       572.807190    
   10.4876270       1112.38086       572.878296    
   10.5092506       1114.67432       572.944763    
   10.5308743       1116.96790       573.006714    
   10.5524979       1119.26147       573.064148    
   10.5741215       1121.55493       573.116821    
   10.5957451       1123.84851       573.165039    
   10.6173687       1126.14197       573.208557    
   10.6389923       1128.43555       573.247620    
   10.6606159       1130.72913       573.282043    
   10.6822395       1133.02258       573.311829    
   10.7038631       1135.31616       573.337097    
   10.7254868       1137.60962       573.357727    
   10.7471104       1139.90320       573.373779    
   10.7687340       1142.19678       573.385315    
   10.7903576       1144.49023       573.392151    
   10.8119812       1146.78381       573.394470    
   10.8336048       1149.07727       573.392151    
   10.8552284       1151.37085       573.385315    
   10.8768520       1153.66443       573.373901    
   10.8984756       1155.95789       573.357788    
   10.9200993       1158.25146       573.337219    
   10.9417229       1160.54492       573.311951    
   10.9633465       1162.83850       573.282166    
   10.9849701       1165.13208       573.247803    
   11.0065937       1167.42554       573.208801    
   11.0282173       1169.71912       573.165283    
   11.0498409       1172.01257       573.117004    
   11.0714645       1174.30615       573.064331    
   11.0930882       1176.59973       573.007080    
   11.1147118       1178.89319       572.945068    
   11.1363354       1181.18677       572.878601    
   11.1579590       1183.48022       572.807495    
   11.1795826       1185.77380       572.731812    
   11.2012062       1188.06738       572.651611    
   11.2228298       1190.36084       572.566711    
   11.2444534       1192.65442       572.477295    
   11.2660770       1194.94788       572.383240    
   11.2877007       1197.24146       572.284668    
   11.3093243       1199.53503       572.181519    
   11.3309479       1201.82849       572.073669    
   11.3525715       1204.12207       571.961365    
   11.3741951       1206.41553       571.844299    
   11.3958187       1208.70911       571.722778    
   11.4174423       1211.00269       571.596741    
   11.4390659       1213.29614       571.465881    
   11.4606895       1215.58972       571.330627    
   11.4823132       1217.88318       571.190674    
   11.5039368       1220.17676       571.046265    
   11.5255604       1222.47034       570.897217    
   11.5471840       1224.76379       570.743530    
   11.5688076       1227.05737       570.585327    
   11.5904312       1229.35083       570.422485    
   11.6120548       1231.64441       570.255127    
   11.6336784       1233.93799       570.083130    
   11.6553020       1236.23145       569.906433    
   11.6769257       1238.52502       569.725342    
   11.6985493       1240.81848       569.539551    
   11.7201729       1243.11206       569.349182    
   11.7417965       1245.40564       569.154358    
   11.7634201       1247.69910       568.954712    
   11.7850437       1249.99268       568.750671    
   11.8066673       1252.28613       568.541870    
   11.8282909       1254.57971       568.328674    
   11.8499146       1256.87329       568.110840    
   11.8715382       1259.16675       567.888245    
   11.8931618       1261.46033       567.661316    
   11.9147854       1263.75378       567.429565    
   11.9364090       1266.04736       567.193420    
   11.9580326       1268.34094       566.952698    
   11.9796562       1270.63440       566.707214    
   12.0012798       1272.92798       566.457275    
   12.0229034       1275.22144       566.202698    
   12.0445271       1277.51501       565.943542    
   12.0661507       1279.80859       565.679810    
   12.0877743       1282.10205       565.411438    
   12.1093979       1284.39563       565.138611    
   12.1310215       1286.68909       564.861023    
   12.1526451       1288.98267       564.578979    
   12.1742687       1291.27625       564.292358    
   12.1958923       1293.56970       564.000977    
   12.2175159       1295.86328       563.705200    
   12.2391396       1298.15674       563.404663    
   12.2607632       1300.45032       563.099731    
   12.2823868       1302.74390       562.790161    
   12.3040104       1305.03735       562.475891    
   12.3256340       1307.33093       562.157166    
   12.3472576       1309.62439       561.833679    
   12.3688812       1311.91797       561.505798    
   12.3905048       1314.21155       561.173279    
   12.4121284       1316.50500       560.836121    
   12.4337521       1318.79858       560.494446    
   12.4553757       1321.09204       560.148071    
   12.4769993       1323.38562       559.797241    
   12.4986229       1325.67920       559.441772    
   12.5202465       1327.97266       559.081604    
   12.5418701       1330.26624       558.717041    
   12.5634937       1332.55969       558.347717    
   12.5851173       1334.85327       557.973938    
   12.6067410       1337.14685       557.595581    
   12.6283646       1339.44031       557.212524    
   12.6499882       1341.73389       556.824951    
   12.6716118       1344.02734       556.432678    
   12.6932354       1346.32092       556.036011    
   12.7148590       1348.61450       555.634705    
   12.7364826       1350.90796       555.228699    
   12.7581062       1353.20154       554.818237    
   12.7797298       1355.49500       554.403076    
   12.8013535       1357.78857       553.983398    
   12.8229771       1360.08215       553.559143    
   12.8446007       1362.37561       553.130188    
   12.8662243       1364.66919       552.696777    
   12.8878479       1366.96265       552.258667    
   12.9094715       1369.25623       551.816101    
   12.9310951       1371.54980       551.368896    
   12.9527187       1373.84326       550.917053    
   12.9743423       1376.13684       550.460693    
   12.9959660       1378.43030       549.999695    
   13.0175896       1380.72388       549.534119    
   13.0392132       1383.01746       549.063965    
   13.0608368       1385.31091       548.589172    
   13.0824604       1387.60449       548.109924    
   13.1040840       1389.89795       547.625977    
   13.1257076       1392.19153       547.137512    
   13.1473312       1394.48511       546.644409    
   13.1689548       1396.77856       546.146729    
   13.1905785       1399.07214       545.644470    
   13.2122021       1401.36560       545.137573    
   13.2338257       1403.65918       544.626160    
   13.2554493       1405.95276       544.110168    
   13.2770729       1408.24622       543.589478    
   13.2986965       1410.53979       543.064331    
   13.3203201       1412.83325       542.534546    
   13.3419437       1415.12683       542.000183    
   13.3635674       1417.42041       541.461304    
   13.3851910       1419.71387       540.917725    
   13.4068146       1422.00745       540.369568    
   13.4284382       1424.30090       539.816772    
   13.4500618       1426.59448       539.259521    
   13.4716854       1428.88806       538.697632    
   13.4933090       1431.18152       538.131165    
   13.5149326       1433.47510       537.560120    
   13.5365562       1435.76855       536.984375    
   13.5581799       1438.06213       536.404236    
   13.5798035       1440.35571       535.819458    
   13.6014271       1442.64917       535.229919    
   13.6230507       1444.94275       534.635986    
   13.6446743       1447.23621       534.037292    
   13.6662979       1449.52979       533.434204    
   13.6879215       1451.82336       532.826477    
   13.7095451       1454.11682       532.214050    
   13.7311687       1456.41040       531.597168    
   13.7527924       1458.70386       530.975586    
   13.7744160       1460.99744       530.349487    
   13.7960396       1463.29102       529.718872    
   13.8176632       1465.58447       529.083496    
   13.8392868       1467.87805       528.443665    
   13.8609104       1470.17151       527.799194    
   13.8825340       1472.46509       527.150146    
   13.9041576       1474.75867       526.496582    
   13.9257812       1477.05212       525.838257    
   13.9474049       1479.34570       525.175476    
   13.9690285       1481.63916       524.508057    
   13.9906521       1483.93274       523.836121    
   14.0122757       1486.22632       523.159607    
   14.0338993       1488.51978       522.478333    
   14.0555229       1490.81335       521.792664    
   14.0771465       1493.10681       521.102234    
   14.0987701       1495.40039       520.407410    
   14.1203938       1497.69397       519.708008    
   14.1420174       1499.98743       519.003784    
   14.1636410       1502.28101       518.295227    
   14.1852646       1504.57446       517.581848    
   14.2068882       1506.86804       516.864014    
   14.2285118       1509.16162       516.141663    
   14.2501354       1511.45508       515.414551    
   14.2717590       1513.74866       514.682983    
   14.2933826       1516.04211       513.946716    
   14.3150063       1518.33569       513.205994    
   14.3366299       1520.62927       512.460632    
   14.3582535       1522.92273       511.710632    
   14.3798771       1525.21631       510.956116    
   14.4015007       1527.50977       510.196899    
   14.4231243       1529.80334       509.433228    
   14.4447479       1532.09692       508.664978    
   14.4663715       1534.39038       507.891968    
   14.4879951       1536.68396       507.114624    
   14.5096188       1538.97742       506.332397    
   14.5312424       1541.27100       505.545898    
   14.5528660       1543.56458       504.754639    
   14.5744896       1545.85803       503.958740    
   14.5961132       1548.15161       503.158325    
   14.6177368       1550.44507       502.353394    
   14.6393604       1552.73865       501.543823    
   14.6609840       1555.03223       500.729614    
   14.6826077       1557.32568       499.910767    
   14.7042313       1559.61926       499.087524    
   14.7258549       1561.91272       498.259521    
   14.7474785       1564.20630       497.427002    
   14.7691021       1566.49988       496.589966    
   14.7907257       1568.79333       495.748169    
   14.8123493       1571.08691       494.901978    
   14.8339729       1573.38037       494.051025    
   14.8555965       1575.67395       493.195557    
   14.8772202       1577.96753       492.335571    
   14.8988438       1580.26099       491.470947    
   14.9204674       1582.55457       490.601685    
   14.9420910       1584.84802       489.727783    
   14.9637146       1587.14160       488.849487    
   14.9853382       1589.43518       487.966553    
   15.0069618       1591.72864       487.078857    
   15.0285854       1594.02222       486.186768    
   15.0502090       1596.31567       485.290039    
   15.0718327       1598.60925       484.388672    
   15.0934563       1600.90283       483.482788    
   15.1150799       1603.19629       482.572266    
   15.1367035       1605.48987       481.657227    
   15.1583271       1607.78333       480.737427    
   15.1799507       1610.07690       479.813232    
   15.2015743       1612.37048       478.884521    
   15.2231979       1614.66394       477.950928    
   15.2448215       1616.95752       477.012939    
   15.2664452       1619.25098       476.070312    
   15.2880688       1621.54456       475.123169    
   15.3096924       1623.83813       474.171387    
   15.3313160       1626.13159       473.214966    
   15.3529396       1628.42517       472.254028    
   15.3745632       1630.71863       471.288452    
   15.3961868       1633.01221       470.318359    
   15.4178104       1635.30579       469.343750    
   15.4394341       1637.59924       468.364258    
   15.4610577       1639.89282       467.380371    
   15.4826813       1642.18628       466.391846    
   15.5043049       1644.47986       465.398926    
   15.5259285       1646.77344       464.401245    
   15.5475521       1649.06689       463.398926    
   15.5691757       1651.36047       462.392212    
   15.5907993       1653.65393       461.380615    
   15.6124229       1655.94751       460.364746    
   15.6340466       1658.24109       459.344238    
   15.6556702       1660.53455       458.318970    
   15.6772938       1662.82812       457.289185    
   15.6989174       1665.12158       456.254761    
   15.7205410       1667.41516       455.215942    
   15.7421646       1669.70874       454.172485    
   15.7637882       1672.00220       453.124268    
   15.7854118       1674.29578       452.071655    
   15.8070354       1676.58923       451.014282    
   15.8286591       1678.88281       449.952393    
   15.8502827       1681.17639       448.885986    
   15.8719063       1683.46985       447.814941    
   15.8935299       1685.76343       446.739258    
   15.9151535       1688.05688       445.659058    
   15.9367771       1690.35046       444.574219    
   15.9584007       1692.64404       443.484985    
   15.9800243       1694.93750       442.390869    
   16.0016479       1697.23108       441.292358    
   16.0232716       1699.52454       440.189087    
   16.0448952       1701.81812       439.081421    
   16.0665188       1704.11169       437.969116    
   16.0881424       1706.40515       436.852051    
   16.1097660       1708.69873       435.730713    
   16.1313896       1710.99219       434.604492    
   16.1530132       1713.28577       433.473999    
   16.1746368       1715.57935       432.338745    
   16.1962605       1717.87280       431.198853    
   16.2178841       1720.16638       430.054321    
   16.2395077       1722.45984       428.905273    
   16.2611313       1724.75342       427.751831    
   16.2827549       1727.04700       426.593506    
   16.3043785       1729.34045       425.430664    
   16.3260021       1731.63403       424.263428    
   16.3476257       1733.92761       423.091431    
   16.3692493       1736.22107       421.914795    
   16.3908730       1738.51465       420.733887    
   16.4124966       1740.80811       419.547974    
   16.4341202       1743.10168       418.357788    
   16.4557438       1745.39526       417.162842    
   16.4773674       1747.68872       415.963379    
   16.4989910       1749.98230       414.759277    
   16.5206146       1752.27576       413.550659    
   16.5422382       1754.56934       412.337280    
   16.5638618       1756.86292       411.119629    
   16.5854855       1759.15637       409.897095    
   16.6071091       1761.44995       408.670166    
   16.6287327       1763.74341       407.438599    
   16.6503563       1766.03699       406.202271    
   16.6719799       1768.33057       404.961548    
   16.6936035       1770.62402       403.716309    
   16.7152271       1772.91760       402.466431    
   16.7368507       1775.21106       401.211792    
   16.7584743       1777.50464       399.952637    
   16.7800980       1779.79822       398.689087    
   16.8017216       1782.09167       397.420654    
   16.8233452       1784.38525       396.147949    
   16.8449688       1786.67871       394.870361    
   16.8665924       1788.97229       393.588379    
   16.8882160       1791.26587       392.301636    
   16.9098396       1793.55933       391.010376    
   16.9314632       1795.85291       389.714722    
   16.9530869       1798.14636       388.414185    
   16.9747105       1800.43994       387.109253    
   16.9963341       1802.73352       385.799805    
   17.0179577       1805.02698       384.485596    
   17.0395813       1807.32056       383.166870    
   17.0612049       1809.61401       381.843384    
   17.0828285       1811.90759       380.515625    
   17.1044521       1814.20117       379.183105    
   17.1260757       1816.49463       377.845947    
   17.1476994       1818.78821       376.504395    
   17.1693230       1821.08167       375.157959    
   17.1909466       1823.37524       373.807129    
   17.2125702       1825.66882       372.451782    
   17.2341938       1827.96228       371.091797    
   17.2558174       1830.25586       369.727051    
   17.2774410       1832.54932       368.357788    
   17.2990646       1834.84290       366.984131    
   17.3206882       1837.13647       365.605713    
   17.3423119       1839.42993       364.222778    
   17.3639355       1841.72351       362.835205    
   17.3855591       1844.01697       361.443115    
   17.4071827       1846.31055       360.046387    
   17.4288063       1848.60413       358.645142    
   17.4504299       1850.89758       357.239136    
   17.4720535       1853.19116       355.828735    
   17.4936771       1855.48462       354.413574    
   17.5153008       1857.77820       352.993896    
   17.5369244       1860.07178       351.569824    
   17.5585480       1862.36523       350.140869    
   17.5801716       1864.65881       348.707520    
   17.6017952       1866.95227       347.269531    
   17.6234188       1869.24585       345.826904    
   17.6450424       1871.53943       344.379761    
   17.6666660       1873.83289       342.927979    
   17.6882896       1876.12646       341.471680    
   17.7099133       1878.41992       340.010620    
   17.7315369       1880.71350       338.545044    
   17.7531605       1883.00708       337.075073    
   17.7747841       1885.30054       335.600220    
   17.7964077       1887.59412       334.121094    
   17.8180313       1889.88757       332.637085    
   17.8396549       1892.18115       331.148682    
   17.8612785       1894.47473       329.655762    
   17.8829021       1896.76819       328.157959    
   17.9045258       1899.06177       326.655762    
   17.9261494       1901.35522       325.148926    
   17.9477730       1903.64880       323.637573    
   17.9693966       1905.94238       322.121704    
   17.9910202       1908.23584       320.600952    
   18.0126438       1910.52942       319.076050    
   18.0342674       1912.82288       317.546143    
   18.0558910       1915.11646       316.011841    
   18.0775146       1917.41003       314.472900    
   18.0991383       1919.70349       312.929443    
   18.1207619       1921.99707       311.381348    
   18.1423855       1924.29053       309.828613    
   18.1640091       1926.58411       308.271484    
   18.1856327       1928.87769       306.709595    
   18.2072563       1931.17114       305.143066    
   18.2288799       1933.46472       303.572144    
   18.2505035       1935.75818       301.996460    
   18.2721272       1938.05176       300.416260    
   18.2937508       1940.34534       298.831543    
   18.3153744       1942.63879       297.242065    
   18.3369980       1944.93237       295.648193    
   18.3586216       1947.22583       294.049438    
   18.3802452       1949.51941       292.446533    
   18.4018688       1951.81299       290.838745    
   18.4234924       1954.10645       289.226318    
   18.4451160       1956.40002       287.609497    
   18.4667397       1958.69348       285.987915    
   18.4883633       1960.98706       284.361938    
   18.5099869       1963.28064       282.731323    
   18.5316105       1965.57410       281.096069    
   18.5532341       1967.86768       279.456177    
   18.5748577       1970.16113       277.811768    
   18.5964813       1972.45471       276.162720    
   18.6181049       1974.74829       274.509277    
   18.6397285       1977.04175       272.850952    
   18.6613522       1979.33533       271.188354    
   18.6829758       1981.62878       269.520874    
   18.7045994       1983.92236       267.848999    
   18.7262230       1986.21594       266.172607    
   18.7478466       1988.50940       264.491333    
   18.7694702       1990.80298       262.805786    
   18.7910938       1993.09644       261.115356    
   18.8127174       1995.39001       259.420532    
   18.8343410       1997.68359       257.721191    
   18.8559647       1999.97705       256.016968    
   18.8775883       2002.27063       254.308350    
   18.8992119       2004.56409       252.595093    
   18.9208355       2006.85767       250.877319    
   18.9424591       2009.15125       249.155029    
   18.9640827       2011.44470       247.427856    
   18.9857063       2013.73828       245.696411    
   19.0073299       2016.03174       243.960205    
   19.0289536       2018.32532       242.219482    
   19.0505772       2020.61890       240.474121    
   19.0722008       2022.91235       238.724243    
   19.0938244       2025.20593       236.969727    
   19.1154480       2027.49939       235.210571    
   19.1370716       2029.79297       233.447021    
   19.1586952       2032.08655       231.678711    
   19.1803188       2034.38000       229.905762    
   19.2019424       2036.67358       228.128418    
   19.2235661       2038.96704       226.346313    
   19.2451897       2041.26062       224.559814    
   19.2668133       2043.55420       222.768677    
   19.2884369       2045.84766       220.972778    
   19.3100605       2048.14111       219.172241    
   19.3316841       2050.43481       217.367432    
   19.3533077       2052.72827       215.557983    
   19.3749313       2055.02173       213.743652    
   19.3965549       2057.31543       211.925049    
   19.4181786       2059.60889       210.101807    
   19.4398022       2061.90234       208.273804    
   19.4614258       2064.19580       206.441162    
   19.4830494       2066.48950       204.604370    
   19.5046730       2068.78296       202.762573    
   19.5262966       2071.07642       200.916382    
   19.5479202       2073.37012       199.065674    
   19.5695438       2075.66357       197.210205    
   19.5911674       2077.95703       195.350098    
   19.6127911       2080.25073       193.485718    
   19.6344147       2082.54419       191.616333    
   19.6560383       2084.83765       189.742554    
   19.6776619       2087.13110       187.864014    
   19.6992855       2089.42480       185.981323    
   19.7209091       2091.71826       184.093750    
   19.7425327       2094.01172       182.201538    
   19.7641563       2096.30542       180.304932    
   19.7857800       2098.59888       178.403687    
   19.8074036       2100.89233       176.497803    
   19.8290272       2103.18604       174.587524    
   19.8506508       2105.47949       172.672363    
   19.8722744       2107.77295       170.752563    
   19.8938980       2110.06641       168.828247    
   19.9155216       2112.36011       166.899780    
   19.9371452       2114.65356       164.966309    
   19.9587688       2116.94702       163.028198    
   19.9803925       2119.24072       161.085693    
   20.0020161       2121.53418       159.138428    
   20.0236397       2123.82764       157.186768    
   20.0452633       2126.12134       155.230469    
   20.0668869       2128.41479       153.269531    
   20.0885105       2130.70825       151.303955    
   20.1101341       2133.00171       149.333862    
   20.1317577       2135.29541       147.359375    
   20.1533813       2137.58887       145.380005    
   20.1750050       2139.88232       143.395996    
   20.1966286       2142.17603       141.407715    
   20.2182522       2144.46948       139.414673    
   20.2398758       2146.76294       137.417114    
   20.2614994       2149.05664       135.415039    
   20.2831230       2151.35010       133.408081    
   20.3047466       2153.64355       131.396606    
   20.3263702       2155.93726       129.380859    
   20.3479939       2158.23071       127.360229    
   20.3696175       2160.52417       125.334961    
   20.3912411       2162.81763       123.305298    
   20.4128647       2165.11133       121.270996    
   20.4344883       2167.40479       119.232178    
   20.4561119       2169.69824       117.188477    
   20.4777355       2171.99194       115.140625    
   20.4993591       2174.28540       113.087891    
   20.5209827       2176.57886       111.030762    
   20.5426064       2178.87256       108.968994    
   20.5642300       2181.16602       106.902588    
   20.5858536       2183.45947       104.831299    
   20.6074772       2185.75293       102.755615    
   20.6291008       2188.04663       100.675537    
   20.6507244       2190.34009       98.5908203    
   20.6723480       2192.63354       96.5014648    
   20.6939716       2194.92725       94.4077148    
   20.7155952       2197.22070       92.3090820    
   20.7372189       2199.51416       90.2058105    
   20.7588425       2201.80786       88.0983887    
   20.7804661       2204.10132       85.9860840    
   20.8020897       2206.39478       83.8691406    
   20.8237133       2208.68823       81.7475586    
   20.8453369       2210.98193       79.6215820    
   20.8669605       2213.27539       77.4909668    
   20.8885841       2215.56885       75.3557129    
   20.9102077       2217.86255       73.2160645    
   20.9318314       2220.15601       71.0715332    
   20.9534550       2222.44946       68.9226074    
   20.9750786       2224.74316       66.7690430    
   20.9967022       2227.03662       64.6108398    
   21.0183258       2229.33008       62.4479980    
   21.0399494       2231.62354       60.2805176    
   21.0615730       2233.91724       58.1088867    
   21.0831966       2236.21069       55.9323730    
   21.1048203       2238.50415       53.7509766    
   21.1264439       2240.79785       51.5656738    
   21.1480675       2243.09131       49.3752441    
   21.1696911       2245.38477       47.1804199    
   21.1913147       2247.67847       44.9812012    
   21.2129383       2249.97192       42.7770996    
   21.2345619       2252.26538       40.5683594    
   21.2561855       2254.55884       38.3552246    
   21.2778091       2256.85254       36.1374512    
   21.2994328       2259.14600       33.9150391    
   21.3210564       2261.43945       31.6879883    
   21.3426800       2263.73315       29.4565430    
   21.3643036       2266.02661       27.2204590    
   21.3859272       2268.32007       24.9794922    
   21.4075508       2270.61377       22.7343750    
   21.4291744       2272.90723       20.4846191    
   21.4507980       2275.20068       18.2297363    
   21.4724216       2277.49414       15.9707031    
   21.4940453       2279.78784       13.7072754    
   21.5156689       2282.08130       11.4389648    
   21.5372925       2284.37476       9.16601562    
   21.5589161       2286.66846       6.88867188    
   21.5805397       2288.96191       4.60668945    
   21.6021633       2291.25537       2.32006836    
   21.6237869       2293.54907       2.90527344E-02
