   0.00000000       0.00000000       0.00000000    
   1.31988935E-02  0.825185001      0.853649497    
   2.63977870E-02   1.65037000       1.70559001    
   3.95966806E-02   2.47555494       2.55582166    
   5.27955741E-02   3.30074000       3.40434384    
   6.59944713E-02   4.12592506       4.25115728    
   7.91933686E-02   4.95111036       5.09626245    
   9.23922658E-02   5.77629566       5.93965816    
  0.105591163       6.60148096       6.78134441    
  0.118790060       7.42666626       7.62132215    
  0.131988958       8.25185108       8.45959091    
  0.145187855       9.07703686       9.29615021    
  0.158386752       9.90222168       10.1310015    
  0.171585649       10.7274075       10.9641428    
  0.184784546       11.5525923       11.7955761    
  0.197983444       12.3777781       12.6252985    
  0.211182341       13.2029629       13.4533138    
  0.224381238       14.0281487       14.2796192    
  0.237580135       14.8533335       15.1042156    
  0.250779033       15.6785183       15.9271021    
  0.263977915       16.5037022       16.7482796    
  0.277176797       17.3288879       17.5677490    
  0.290375680       18.1540718       18.3855095    
  0.303574562       18.9792557       19.2015610    
  0.316773444       19.8044395       20.0159016    
  0.329972327       20.6296253       20.8285332    
  0.343171209       21.4548092       21.6394577    
  0.356370091       22.2799931       22.4486732    
  0.369568974       23.1051769       23.2561779    
  0.382767856       23.9303627       24.0619755    
  0.395966738       24.7555466       24.8660622    
  0.409165621       25.5807304       25.6684399    
  0.422364503       26.4059143       26.4691105    
  0.435563385       27.2310982       27.2680702    
  0.448762268       28.0562840       28.0653229    
  0.461961150       28.8814678       28.8608646    
  0.475160033       29.7066517       29.6546974    
  0.488358915       30.5318356       30.4468231    
  0.501557827       31.3570232       31.2372379    
  0.514756739       32.1822090       32.0259476    
  0.527955651       33.0073967       32.8129463    
  0.541154563       33.8325806       33.5982399    
  0.554353476       34.6577682       34.3818207    
  0.567552388       35.4829521       35.1636887    
  0.580751300       36.3081398       35.9438553    
  0.593950212       37.1333275       36.7223091    
  0.607149124       37.9585114       37.4990540    
  0.620348036       38.7836990       38.2740898    
  0.633546948       39.6088829       39.0474205    
  0.646745861       40.4340706       39.8190346    
  0.659944773       41.2592583       40.5889435    
  0.673143685       42.0844421       41.3571472    
  0.686342597       42.9096298       42.1236343    
  0.699541509       43.7348137       42.8884201    
  0.712740421       44.5600014       43.6514931    
  0.725939333       45.3851891       44.4128532    
  0.739138246       46.2103729       45.1725121    
  0.752337158       47.0355606       45.9304581    
  0.765536070       47.8607445       46.6866951    
  0.778734982       48.6859322       47.4412231    
  0.791933894       49.5111198       48.1940384    
  0.805132806       50.3363037       48.9451523    
  0.818331718       51.1614914       49.6945496    
  0.831530631       51.9866753       50.4422455    
  0.844729543       52.8118629       51.1882286    
  0.857928455       53.6370506       51.9325027    
  0.871127367       54.4622345       52.6750679    
  0.884326279       55.2874222       53.4159203    
  0.897525191       56.1126060       54.1550713    
  0.910724103       56.9377937       54.8925056    
  0.923923016       57.7629814       55.6282387    
  0.937121928       58.5881653       56.3622551    
  0.950320840       59.4133530       57.0945663    
  0.963519752       60.2385368       57.8251686    
  0.976718664       61.0637245       58.5540619    
  0.989917576       61.8889122       59.2812462    
   1.00311649       62.7140961       60.0067253    
   1.01631534       63.5392799       60.7304840    
   1.02951419       64.3644638       61.4525375    
   1.04271305       65.1896439       62.1728821    
   1.05591190       66.0148239       62.8915138    
   1.06911075       66.8400116       63.6084480    
   1.08230960       67.6651917       64.3236618    
   1.09550846       68.4903717       65.0371704    
   1.10870731       69.3155594       65.7489700    
   1.12190616       70.1407394       66.4590607    
   1.13510501       70.9659195       67.1674423    
   1.14830387       71.7911072       67.8741150    
   1.16150272       72.6162872       68.5790787    
   1.17470157       73.4414673       69.2823334    
   1.18790042       74.2666550       69.9838715    
   1.20109928       75.0918350       70.6837158    
   1.21429813       75.9170151       71.3818436    
   1.22749698       76.7421951       72.0782623    
   1.24069583       77.5673828       72.7729721    
   1.25389469       78.3925629       73.4659653    
   1.26709354       79.2177429       74.1572647    
   1.28029239       80.0429306       74.8468475    
   1.29349124       80.8681107       75.5347214    
   1.30669010       81.6932907       76.2208862    
   1.31988895       82.5184784       76.9053345    
   1.33308780       83.3436584       77.5880814    
   1.34628665       84.1688385       78.2691269    
   1.35948551       84.9940262       78.9484558    
   1.37268436       85.8192062       79.6260681    
   1.38588321       86.6443863       80.3019791    
   1.39908206       87.4695740       80.9761810    
   1.41228092       88.2947540       81.6486816    
   1.42547977       89.1199341       82.3194580    
   1.43867862       89.9451141       82.9885330    
   1.45187747       90.7703018       83.6558990    
   1.46507633       91.5954819       84.3215561    
   1.47827518       92.4206619       84.9855042    
   1.49147403       93.2458496       85.6477432    
   1.50467288       94.0710297       86.3082733    
   1.51787174       94.8962097       86.9670944    
   1.53107059       95.7213974       87.6241989    
   1.54426944       96.5465775       88.2796097    
   1.55746830       97.3717575       88.9333038    
   1.57066715       98.1969452       89.5852814    
   1.58386600       99.0221252       90.2355576    
   1.59706485       99.8473053       90.8841248    
   1.61026371       100.672493       91.5309906    
   1.62346256       101.497673       92.1761322    
   1.63666141       102.322853       92.8195724    
   1.64986026       103.148041       93.4613037    
   1.66305912       103.973221       94.1013260    
   1.67625797       104.798401       94.7396393    
   1.68945682       105.623581       95.3762436    
   1.70265567       106.448769       96.0111389    
   1.71585453       107.273949       96.6443253    
   1.72905338       108.099129       97.2757950    
   1.74225223       108.924316       97.9055710    
   1.75545108       109.749496       98.5336304    
   1.76864994       110.574677       99.1599731    
   1.78184879       111.399864       99.7846146    
   1.79504764       112.225044       100.407547    
   1.80824649       113.050224       101.028778    
   1.82144535       113.875412       101.648285    
   1.83464420       114.700592       102.266090    
   1.84784305       115.525772       102.882187    
   1.86104190       116.350960       103.496567    
   1.87424076       117.176140       104.109253    
   1.88743961       118.001320       104.720222    
   1.90063846       118.826500       105.329483    
   1.91383731       119.651688       105.937027    
   1.92703617       120.476868       106.542870    
   1.94023502       121.302048       107.147003    
   1.95343387       122.127235       107.749428    
   1.96663272       122.952415       108.350143    
   1.97983158       123.777596       108.949158    
   1.99303043       124.602783       109.546440    
   2.00622940       125.427971       110.142036    
   2.01942825       126.253151       110.735916    
   2.03262711       127.078339       111.328094    
   2.04582596       127.903519       111.918549    
   2.05902481       128.728699       112.507301    
   2.07222366       129.553879       113.094337    
   2.08542252       130.379059       113.679672    
   2.09862137       131.204254       114.263306    
   2.11182022       132.029434       114.845215    
   2.12501907       132.854614       115.425430    
   2.13821793       133.679794       116.003922    
   2.15141678       134.504974       116.580711    
   2.16461563       135.330154       117.155800    
   2.17781448       136.155350       117.729156    
   2.19101334       136.980530       118.300827    
   2.20421219       137.805710       118.870773    
   2.21741104       138.630890       119.439018    
   2.23060989       139.456070       120.005562    
   2.24380875       140.281250       120.570374    
   2.25700760       141.106430       121.133499    
   2.27020645       141.931625       121.694901    
   2.28340530       142.756805       122.254608    
   2.29660416       143.581985       122.812599    
   2.30980301       144.407166       123.368874    
   2.32300186       145.232346       123.923447    
   2.33620071       146.057526       124.476303    
   2.34939957       146.882721       125.027466    
   2.36259842       147.707901       125.576912    
   2.37579727       148.533081       126.124641    
   2.38899612       149.358261       126.670670    
   2.40219498       150.183441       127.214981    
   2.41539383       151.008621       127.757599    
   2.42859268       151.833817       128.298508    
   2.44179153       152.658997       128.837677    
   2.45499039       153.484177       129.375168    
   2.46818924       154.309357       129.910934    
   2.48138809       155.134537       130.445007    
   2.49458694       155.959717       130.977371    
   2.50778580       156.784897       131.508011    
   2.52098465       157.610092       132.036942    
   2.53418350       158.435272       132.564163    
   2.54738235       159.260452       133.089691    
   2.56058121       160.085632       133.613510    
   2.57378006       160.910812       134.135590    
   2.58697891       161.735992       134.655991    
   2.60017776       162.561188       135.174667    
   2.61337662       163.386368       135.691650    
   2.62657547       164.211548       136.206924    
   2.63977432       165.036728       136.720459    
   2.65297318       165.861908       137.232315    
   2.66617203       166.687088       137.742447    
   2.67937088       167.512268       138.250885    
   2.69256973       168.337463       138.757614    
   2.70576859       169.162643       139.262604    
   2.71896744       169.987823       139.765915    
   2.73216629       170.813004       140.267502    
   2.74536514       171.638184       140.767395    
   2.75856400       172.463364       141.265579    
   2.77176285       173.288559       141.762024    
   2.78496170       174.113739       142.256790    
   2.79816055       174.938919       142.749832    
   2.81135941       175.764099       143.241180    
   2.82455826       176.589279       143.730820    
   2.83775711       177.414459       144.218719    
   2.85095596       178.239655       144.704941    
   2.86415482       179.064835       145.189438    
   2.87735367       179.890015       145.672241    
   2.89055252       180.715195       146.153320    
   2.90375137       181.540375       146.632690    
   2.91695023       182.365555       147.110367    
   2.93014908       183.190735       147.586319    
   2.94334793       184.015930       148.060577    
   2.95654678       184.841110       148.533112    
   2.96974564       185.666290       149.003937    
   2.98294449       186.491470       149.473068    
   2.99614334       187.316650       149.940475    
   3.00934219       188.141830       150.406189    
   3.02254105       188.967026       150.870178    
   3.03573990       189.792206       151.332458    
   3.04893875       190.617386       151.793045    
   3.06213760       191.442566       152.251892    
   3.07533646       192.267746       152.709076    
   3.08853531       193.092926       153.164520    
   3.10173416       193.918121       153.618256    
   3.11493301       194.743301       154.070297    
   3.12813187       195.568481       154.520599    
   3.14133072       196.393661       154.969223    
   3.15452957       197.218842       155.416138    
   3.16772842       198.044022       155.861328    
   3.18092728       198.869202       156.304810    
   3.19412613       199.694397       156.746582    
   3.20732498       200.519577       157.186661    
   3.22052383       201.344757       157.625031    
   3.23372269       202.169937       158.061676    
   3.24692154       202.995117       158.496613    
   3.26012039       203.820297       158.929840    
   3.27331924       204.645493       159.361374    
   3.28651810       205.470673       159.791199    
   3.29971695       206.295853       160.219284    
   3.31291580       207.121033       160.645691    
   3.32611465       207.946213       161.070374    
   3.33931351       208.771393       161.493362    
   3.35251236       209.596573       161.914642    
   3.36571121       210.421768       162.334183    
   3.37891006       211.246948       162.752045    
   3.39210892       212.072128       163.168182    
   3.40530777       212.897308       163.582611    
   3.41850662       213.722488       163.995346    
   3.43170547       214.547668       164.406357    
   3.44490433       215.372864       164.815674    
   3.45810318       216.198044       165.223251    
   3.47130203       217.023224       165.629150    
   3.48450089       217.848404       166.033340    
   3.49769974       218.673584       166.435791    
   3.51089859       219.498764       166.836563    
   3.52409744       220.323959       167.235611    
   3.53729630       221.149139       167.632965    
   3.55049515       221.974319       168.028595    
   3.56369400       222.799500       168.422516    
   3.57689285       223.624680       168.814743    
   3.59009171       224.449860       169.205246    
   3.60329056       225.275040       169.594055    
   3.61648941       226.100235       169.981140    
   3.62968826       226.925415       170.366516    
   3.64288712       227.750595       170.750198    
   3.65608597       228.575775       171.132141    
   3.66928482       229.400955       171.512421    
   3.68248367       230.226135       171.890961    
   3.69568253       231.051331       172.267792    
   3.70888138       231.876511       172.642914    
   3.72208023       232.701691       173.016327    
   3.73527908       233.526871       173.388046    
   3.74847794       234.352051       173.758057    
   3.76167679       235.177231       174.126343    
   3.77487564       236.002426       174.492920    
   3.78807449       236.827606       174.857788    
   3.80127335       237.652786       175.220947    
   3.81447220       238.477966       175.582413    
   3.82767105       239.303146       175.942154    
   3.84086990       240.128326       176.300201    
   3.85406876       240.953506       176.656525    
   3.86726761       241.778702       177.011139    
   3.88046646       242.603882       177.364044    
   3.89366531       243.429062       177.715240    
   3.90686417       244.254242       178.064743    
   3.92006302       245.079422       178.412521    
   3.93326187       245.904602       178.758606    
   3.94646072       246.729797       179.102966    
   3.95965958       247.554977       179.445618    
   3.97285843       248.380157       179.786560    
   3.98605728       249.205338       180.125824    
   3.99925613       250.030518       180.463333    
   4.01245499       250.855698       180.799149    
   4.02565384       251.680893       181.133270    
   4.03885269       252.506073       181.465668    
   4.05205154       253.331253       181.796356    
   4.06525040       254.156433       182.125336    
   4.07844925       254.981613       182.452637    
   4.09164810       255.806793       182.778183    
   4.10484695       256.631989       183.102036    
   4.11804581       257.457153       183.424194    
   4.13124466       258.282349       183.744629    
   4.14444351       259.107513       184.063354    
   4.15764236       259.932709       184.380402    
   4.17084122       260.757904       184.695709    
   4.18404007       261.583069       185.009293    
   4.19723892       262.408264       185.321182    
   4.21043777       263.233429       185.631378    
   4.22363663       264.058624       185.939850    
   4.23683548       264.883820       186.246613    
   4.25003433       265.708984       186.551697    
   4.26323318       266.534180       186.855026    
   4.27643204       267.359344       187.156662    
   4.28963089       268.184540       187.456619    
   4.30282974       269.009705       187.754822    
   4.31602859       269.834900       188.051331    
   4.32922745       270.660095       188.346130    
   4.34242630       271.485260       188.639252    
   4.35562515       272.310455       188.930634    
   4.36882401       273.135620       189.220291    
   4.38202286       273.960815       189.508270    
   4.39522171       274.785980       189.794525    
   4.40842056       275.611176       190.079071    
   4.42161942       276.436371       190.361938    
   4.43481827       277.261536       190.643051    
   4.44801712       278.086731       190.922470    
   4.46121597       278.911896       191.200165    
   4.47441483       279.737091       191.476196    
   4.48761368       280.562256       191.750488    
   4.50081253       281.387451       192.023071    
   4.51401138       282.212646       192.293976    
   4.52721024       283.037811       192.563126    
   4.54040909       283.863007       192.830582    
   4.55360794       284.688171       193.096344    
   4.56680679       285.513367       193.360382    
   4.58000565       286.338562       193.622711    
   4.59320450       287.163727       193.883316    
   4.60640335       287.988922       194.142258    
   4.61960220       288.814087       194.399445    
   4.63280106       289.639282       194.654938    
   4.64599991       290.464447       194.908752    
   4.65919876       291.289642       195.160828    
   4.67239761       292.114838       195.411194    
   4.68559647       292.940002       195.659866    
   4.69879532       293.765198       195.906799    
   4.71199417       294.590363       196.152039    
   4.72519302       295.415558       196.395569    
   4.73839188       296.240723       196.637421    
   4.75159073       297.065918       196.877533    
   4.76478958       297.891113       197.115921    
   4.77798843       298.716278       197.352631    
   4.79118729       299.541473       197.587616    
   4.80438614       300.366638       197.820892    
   4.81758499       301.191833       198.052490    
   4.83078384       302.017029       198.282333    
   4.84398270       302.842194       198.510483    
   4.85718155       303.667389       198.736908    
   4.87038040       304.492554       198.961670    
   4.88357925       305.317749       199.184692    
   4.89677811       306.142914       199.406006    
   4.90997696       306.968109       199.625626    
   4.92317581       307.793304       199.843521    
   4.93637466       308.618469       200.059708    
   4.94957352       309.443665       200.274200    
   4.96277237       310.268829       200.486969    
   4.97597122       311.094025       200.698029    
   4.98917007       311.919189       200.907379    
   5.00236893       312.744385       201.115036    
   5.01556778       313.569580       201.320953    
   5.02876663       314.394745       201.525177    
   5.04196548       315.219940       201.727722    
   5.05516434       316.045105       201.928528    
   5.06836319       316.870300       202.127609    
   5.08156204       317.695496       202.325012    
   5.09476089       318.520660       202.520691    
   5.10795975       319.345856       202.714661    
   5.12115860       320.171021       202.906921    
   5.13435745       320.996216       203.097504    
   5.14755630       321.821381       203.286331    
   5.16075516       322.646576       203.473450    
   5.17395401       323.471771       203.658905    
   5.18715286       324.296936       203.842621    
   5.20035172       325.122131       204.024628    
   5.21355057       325.947296       204.204941    
   5.22674942       326.772491       204.383530    
   5.23994827       327.597656       204.560394    
   5.25314713       328.422852       204.735565    
   5.26634598       329.248047       204.909058    
   5.27954483       330.073212       205.080795    
   5.29274368       330.898407       205.250839    
   5.30594254       331.723572       205.419189    
   5.31914139       332.548767       205.585815    
   5.33234024       333.373962       205.750732    
   5.34553909       334.199127       205.913956    
   5.35873795       335.024323       206.075455    
   5.37193680       335.849487       206.235245    
   5.38513565       336.674683       206.393311    
   5.39833450       337.499847       206.549713    
   5.41153336       338.325043       206.704376    
   5.42473221       339.150238       206.857315    
   5.43793106       339.975403       207.008591    
   5.45112991       340.800598       207.158112    
   5.46432877       341.625763       207.305939    
   5.47752762       342.450958       207.452072    
   5.49072647       343.276123       207.596481    
   5.50392532       344.101318       207.739182    
   5.51712418       344.926514       207.880157    
   5.53032303       345.751678       208.019470    
   5.54352188       346.576874       208.157043    
   5.55672073       347.402039       208.292892    
   5.56991959       348.227234       208.427078    
   5.58311844       349.052429       208.559525    
   5.59631729       349.877594       208.690247    
   5.60951614       350.702789       208.819305    
   5.62271500       351.527954       208.946609    
   5.63591385       352.353149       209.072220    
   5.64911270       353.178314       209.196121    
   5.66231155       354.003510       209.318329    
   5.67551041       354.828705       209.438812    
   5.68870926       355.653870       209.557587    
   5.70190811       356.479065       209.674667    
   5.71510696       357.304230       209.790009    
   5.72830582       358.129425       209.903656    
   5.74150467       358.954590       210.015625    
   5.75470352       359.779785       210.125854    
   5.76790237       360.604980       210.234344    
   5.78110123       361.430145       210.341171    
   5.79430008       362.255341       210.446289    
   5.80749893       363.080505       210.549683    
   5.82069778       363.905701       210.651352    
   5.83389664       364.730896       210.751343    
   5.84709549       365.556061       210.849609    
   5.86029434       366.381256       210.946182    
   5.87349319       367.206421       211.041046    
   5.88669205       368.031616       211.134171    
   5.89989090       368.856781       211.225601    
   5.91308975       369.681976       211.315323    
   5.92628860       370.507172       211.403351    
   5.93948746       371.332336       211.489639    
   5.95268631       372.157532       211.574234    
   5.96588516       372.982697       211.657150    
   5.97908401       373.807892       211.738312    
   5.99228287       374.633057       211.817764    
   6.00548172       375.458252       211.895554    
   6.01868057       376.283447       211.971619    
   6.03187943       377.108612       212.045944    
   6.04507828       377.933807       212.118561    
   6.05827713       378.758972       212.189514    
   6.07147598       379.584167       212.258728    
   6.08467484       380.409332       212.326202    
   6.09787369       381.234528       212.392044    
   6.11107254       382.059723       212.456116    
   6.12427139       382.884888       212.518494    
   6.13747025       383.710083       212.579178    
   6.15066910       384.535248       212.638138    
   6.16386795       385.360443       212.695389    
   6.17706680       386.185638       212.750916    
   6.19026566       387.010803       212.804764    
   6.20346451       387.835999       212.856888    
   6.21666336       388.661163       212.907303    
   6.22986221       389.486359       212.956024    
   6.24306107       390.311523       213.003021    
   6.25625992       391.136719       213.048294    
   6.26945877       391.961914       213.091904    
   6.28265762       392.787079       213.133774    
   6.29585648       393.612274       213.173920    
   6.30905533       394.437439       213.212357    
   6.32225418       395.262634       213.249130    
   6.33545303       396.087799       213.284149    
   6.34865189       396.912994       213.317474    
   6.36185074       397.738190       213.349121    
   6.37504959       398.563354       213.379013    
   6.38824844       399.388550       213.407211    
   6.40144730       400.213715       213.433731    
   6.41464615       401.038910       213.458496    
   6.42784500       401.864105       213.481552    
   6.44104385       402.689270       213.502914    
   6.45424271       403.514465       213.522598    
   6.46744156       404.339630       213.540527    
   6.48064041       405.164825       213.556763    
   6.49383926       405.989990       213.571304    
   6.50703812       406.815186       213.584122    
   6.52023697       407.640381       213.595230    
   6.53343582       408.465546       213.604645    
   6.54663467       409.290741       213.612335    
   6.55983353       410.115906       213.618317    
   6.57303238       410.941101       213.622574    
   6.58623123       411.766266       213.625168    
   6.59943008       412.591461       213.625992    
   6.61262894       413.416656       213.625153    
   6.62582779       414.241821       213.622604    
   6.63902664       415.067017       213.618317    
   6.65222549       415.892181       213.612320    
   6.66542435       416.717377       213.604660    
   6.67862320       417.542572       213.595261    
   6.69182205       418.367737       213.584137    
   6.70502090       419.192932       213.571320    
   6.71821976       420.018097       213.556824    
   6.73141861       420.843292       213.540573    
   6.74461746       421.668457       213.522629    
   6.75781631       422.493652       213.502991    
   6.77101517       423.318848       213.481628    
   6.78421402       424.144012       213.458557    
   6.79741287       424.969208       213.433792    
   6.81061172       425.794373       213.407288    
   6.82381058       426.619568       213.379089    
   6.83700943       427.444733       213.349182    
   6.85020828       428.269928       213.317581    
   6.86340714       429.095123       213.284256    
   6.87660599       429.920288       213.249222    
   6.88980484       430.745483       213.212494    
   6.90300369       431.570648       213.174042    
   6.91620255       432.395844       213.133850    
   6.92940140       433.221039       213.092010    
   6.94260025       434.046204       213.048416    
   6.95579910       434.871399       213.003128    
   6.96899796       435.696564       212.956131    
   6.98219681       436.521759       212.907440    
   6.99539566       437.346924       212.857010    
   7.00859451       438.172119       212.804901    
   7.02179337       438.997314       212.751068    
   7.03499222       439.822479       212.695526    
   7.04819107       440.647675       212.638275    
   7.06138992       441.472839       212.579330    
   7.07458878       442.298035       212.518661    
   7.08778763       443.123199       212.456284    
   7.10098648       443.948395       212.392181    
   7.11418533       444.773590       212.326401    
   7.12738419       445.598755       212.258896    
   7.14058304       446.423950       212.189667    
   7.15378189       447.249115       212.118774    
   7.16698074       448.074310       212.046143    
   7.18017960       448.899506       211.971786    
   7.19337845       449.724670       211.895752    
   7.20657730       450.549866       211.817993    
   7.21977615       451.375031       211.738510    
   7.23297501       452.200226       211.657349    
   7.24617386       453.025391       211.574463    
   7.25937271       453.850586       211.489868    
   7.27257156       454.675781       211.403564    
   7.28577042       455.500946       211.315552    
   7.29896927       456.326141       211.225830    
   7.31216812       457.151306       211.134399    
   7.32536697       457.976501       211.041260    
   7.33856583       458.801666       210.946411    
   7.35176468       459.626862       210.849854    
   7.36496353       460.452057       210.751587    
   7.37816238       461.277222       210.651642    
   7.39136124       462.102417       210.549927    
   7.40456009       462.927582       210.446533    
   7.41775894       463.752777       210.341461    
   7.43095779       464.577942       210.234619    
   7.44415665       465.403137       210.126129    
   7.45735550       466.228333       210.015900    
   7.47055435       467.053497       209.903961    
   7.48375320       467.878693       209.790314    
   7.49695206       468.703857       209.674957    
   7.51015091       469.529053       209.557892    
   7.52334976       470.354248       209.439117    
   7.53654861       471.179413       209.318634    
   7.54974747       472.004608       209.196442    
   7.56294632       472.829773       209.072540    
   7.57614517       473.654968       208.946930    
   7.58934402       474.480133       208.819611    
   7.60254288       475.305328       208.690613    
   7.61574173       476.130524       208.559845    
   7.62894058       476.955688       208.427399    
   7.64213943       477.780884       208.293274    
   7.65533829       478.606049       208.157379    
   7.66853714       479.431244       208.019806    
   7.68173599       480.256409       207.880554    
   7.69493484       481.081604       207.739563    
   7.70813370       481.906799       207.596832    
   7.72133255       482.731964       207.452454    
   7.73453140       483.557159       207.306335    
   7.74773026       484.382324       207.158478    
   7.76092911       485.207520       207.008942    
   7.77412796       486.032715       206.857727    
   7.78732681       486.857880       206.704773    
   7.80052567       487.683075       206.550079    
   7.81372452       488.508240       206.393738    
   7.82692337       489.333435       206.235657    
   7.84012222       490.158600       206.075836    
   7.85332108       490.983795       205.914368    
   7.86651993       491.808990       205.751160    
   7.87971878       492.634155       205.586243    
   7.89291763       493.459351       205.419586    
   7.90611649       494.284515       205.251282    
   7.91931534       495.109711       205.081238    
   7.93251419       495.934875       204.909485    
   7.94571304       496.760071       204.735992    
   7.95891190       497.585266       204.560822    
   7.97211075       498.410431       204.384003    
   7.98530960       499.235626       204.205383    
   7.99850845       500.060791       204.025085    
   8.01170731       500.885986       203.843079    
   8.02490616       501.711182       203.659363    
   8.03810501       502.536346       203.473938    
   8.05130386       503.361542       203.286835    
   8.06450272       504.186707       203.097992    
   8.07770157       505.011902       202.907440    
   8.09090042       505.837067       202.715149    
   8.10409927       506.662262       202.521210    
   8.11729813       507.487457       202.325500    
   8.13049698       508.312622       202.128113    
   8.14369583       509.137817       201.929077    
   8.15689468       509.962982       201.728271    
   8.17009354       510.788177       201.525726    
   8.18329239       511.613342       201.321472    
   8.19649124       512.438538       201.115540    
   8.20969009       513.263733       200.907898    
   8.22288895       514.088928       200.698517    
   8.23608780       514.914062       200.487518    
   8.24928665       515.739258       200.274750    
   8.26248550       516.564453       200.060242    
   8.27568436       517.389648       199.844055    
   8.28888321       518.214844       199.626190    
   8.30208206       519.039978       199.406555    
   8.31528091       519.865173       199.185272    
   8.32847977       520.690369       198.962250    
   8.34167862       521.515564       198.737518    
   8.35487747       522.340698       198.511078    
   8.36807632       523.165894       198.282898    
   8.38127518       523.991089       198.053040    
   8.39447403       524.816284       197.821472    
   8.40767288       525.641479       197.588226    
   8.42087173       526.466614       197.353271    
   8.43407059       527.291809       197.116547    
   8.44726944       528.117004       196.878143    
   8.46046829       528.942200       196.638031    
   8.47366714       529.767395       196.396210    
   8.48686600       530.592529       196.152649    
   8.50006485       531.417725       195.907440    
   8.51326370       532.242920       195.660492    
   8.52646255       533.068115       195.411835    
   8.53966141       533.893311       195.161438    
   8.55286026       534.718445       194.909363    
   8.56605911       535.543640       194.655609    
   8.57925797       536.368835       194.400085    
   8.59245682       537.194031       194.142944    
   8.60565567       538.019165       193.884003    
   8.61885452       538.844360       193.623383    
   8.63205338       539.669556       193.361053    
   8.64525223       540.494751       193.096985    
   8.65845108       541.319946       192.831268    
   8.67164993       542.145081       192.563843    
   8.68484879       542.970276       192.294678    
   8.69804764       543.795471       192.023773    
   8.71124649       544.620667       191.751160    
   8.72444534       545.445862       191.476898    
   8.73764420       546.270996       191.200867    
   8.75084305       547.096191       190.923157    
   8.76404190       547.921387       190.643768    
   8.77724075       548.746582       190.362671    
   8.79043961       549.571777       190.079803    
   8.80363846       550.396912       189.795258    
   8.81683731       551.222107       189.509003    
   8.83003616       552.047302       189.221039    
   8.84323502       552.872498       188.931335    
   8.85643387       553.697632       188.639984    
   8.86963272       554.522827       188.346893    
   8.88283157       555.348022       188.052124    
   8.89603043       556.173218       187.755585    
   8.90922928       556.998413       187.457336    
   8.92242813       557.823547       187.157410    
   8.93562698       558.648743       186.855835    
   8.94882584       559.473938       186.552490    
   8.96202469       560.299133       186.247406    
   8.97522354       561.124329       185.940674    
   8.98842239       561.949463       185.632141    
   9.00162125       562.774658       185.321991    
   9.01482010       563.599854       185.010071    
   9.02801895       564.425049       184.696533    
   9.04121780       565.250244       184.381195    
   9.05441666       566.075378       184.064178    
   9.06761551       566.900574       183.745453    
   9.08081436       567.725769       183.425018    
   9.09401321       568.550964       183.102875    
   9.10721207       569.376099       182.778961    
   9.12041092       570.201294       182.453491    
   9.13360977       571.026489       182.126190    
   9.14680862       571.851685       181.797211    
   9.16000748       572.676880       181.466492    
   9.17320633       573.502014       181.134125    
   9.18640518       574.327209       180.799988    
   9.19960403       575.152405       180.464233    
   9.21280289       575.977600       180.126678    
   9.22600174       576.802795       179.787445    
   9.23920059       577.627930       179.446472    
   9.25239944       578.453125       179.103851    
   9.26559830       579.278320       178.759460    
   9.27879715       580.103516       178.413391    
   9.29199600       580.928711       178.065674    
   9.30519485       581.753845       177.716156    
   9.31839371       582.579041       177.364960    
   9.33159256       583.404236       177.012024    
   9.34479141       584.229431       176.657410    
   9.35799026       585.054565       176.301086    
   9.37118912       585.879761       175.943054    
   9.38438797       586.704956       175.583374    
   9.39758682       587.530151       175.221893    
   9.41078568       588.355347       174.858704    
   9.42398453       589.180481       174.493835    
   9.43718338       590.005676       174.127258    
   9.45038223       590.830872       173.758972    
   9.46358109       591.656067       173.389038    
   9.47677994       592.481262       173.017303    
   9.48997879       593.306396       172.643860    
   9.50317764       594.131592       172.268738    
   9.51637650       594.956787       171.891907    
   9.52957535       595.781982       171.513367    
   9.54277420       596.607178       171.133118    
   9.55597305       597.432312       170.751190    
   9.56917191       598.257507       170.367493    
   9.58237076       599.082703       169.982117    
   9.59556961       599.907898       169.595032    
   9.60876846       600.733032       169.206238    
   9.62196732       601.558228       168.815735    
   9.63516617       602.383423       168.423492    
   9.64836502       603.208618       168.029633    
   9.66156387       604.033813       167.633972    
   9.67476273       604.858948       167.236633    
   9.68796158       605.684143       166.837585    
   9.70116043       606.509338       166.436829    
   9.71435928       607.334534       166.034363    
   9.72755814       608.159729       165.630219    
   9.74075699       608.984863       165.224335    
   9.75395584       609.810059       164.816711    
   9.76715469       610.635254       164.407410    
   9.78035355       611.460449       163.996368    
   9.79355240       612.285645       163.583679    
   9.80675125       613.110779       163.169220    
   9.81995010       613.935974       162.753143    
   9.83314896       614.761169       162.335266    
   9.84634781       615.586365       161.915741    
   9.85954666       616.411499       161.494415    
   9.87274551       617.236694       161.071442    
   9.88594437       618.061890       160.646759    
   9.89914322       618.887085       160.220367    
   9.91234207       619.712280       159.792297    
   9.92554092       620.537415       159.362488    
   9.93873978       621.362610       158.930939    
   9.95193863       622.187805       158.497711    
   9.96513748       623.013000       158.062775    
   9.97833633       623.838196       157.626099    
   9.99153519       624.663330       157.187836    
   10.0047340       625.488525       156.747742    
   10.0179329       626.313721       156.305969    
   10.0311317       627.138916       155.862457    
   10.0443306       627.964111       155.417236    
   10.0575294       628.789246       154.970337    
   10.0707283       629.614441       154.521729    
   10.0839272       630.439636       154.071472    
   10.0971260       631.264832       153.619446    
   10.1103249       632.089966       153.165710    
   10.1235237       632.915161       152.710236    
   10.1367226       633.740356       152.253082    
   10.1499214       634.565552       151.794189    
   10.1631203       635.390747       151.333588    
   10.1763191       636.215881       150.871368    
   10.1895180       637.041077       150.407379    
   10.2027168       637.866272       149.941681    
   10.2159157       638.691467       149.474243    
   10.2291145       639.516663       149.005127    
   10.2423134       640.341797       148.534302    
   10.2555122       641.166992       148.061829    
   10.2687111       641.992188       147.587585    
   10.2819099       642.817383       147.111572    
   10.2951088       643.642578       146.633911    
   10.3083076       644.467712       146.154541    
   10.3215065       645.292908       145.673462    
   10.3347054       646.118103       145.190613    
   10.3479042       646.943298       144.706177    
   10.3611031       647.768433       144.219971    
   10.3743019       648.593628       143.732056    
   10.3875008       649.418823       143.242432    
   10.4006996       650.244019       142.751099    
   10.4138985       651.069214       142.258057    
   10.4270973       651.894348       141.763306    
   10.4402962       652.719543       141.266846    
   10.4534950       653.544739       140.768677    
   10.4666939       654.369934       140.268799    
   10.4798927       655.195129       139.767212    
   10.4930916       656.020264       139.263855    
   10.5062904       656.845459       138.758850    
   10.5194893       657.670654       138.252197    
   10.5326881       658.495850       137.743774    
   10.5458870       659.321045       137.233643    
   10.5590858       660.146179       136.721802    
   10.5722847       660.971375       136.208252    
   10.5854836       661.796570       135.692993    
   10.5986824       662.621765       135.175964    
   10.6118813       663.446899       134.657349    
   10.6250801       664.272095       134.136963    
   10.6382790       665.097290       133.614807    
   10.6514778       665.922485       133.091003    
   10.6646767       666.747681       132.565491    
   10.6778755       667.572815       132.038269    
   10.6910744       668.398010       131.509338    
   10.7042732       669.223206       130.978760    
   10.7174721       670.048401       130.446411    
   10.7306709       670.873596       129.912292    
   10.7438698       671.698730       129.376526    
   10.7570686       672.523926       128.839050    
   10.7702675       673.349121       128.299866    
   10.7834663       674.174316       127.758972    
   10.7966652       674.999512       127.216431    
   10.8098640       675.824646       126.672119    
   10.8230629       676.649841       126.126038    
   10.8362617       677.475037       125.578308    
   10.8494606       678.300232       125.028870    
   10.8626595       679.125366       124.477722    
   10.8758583       679.950562       123.924866    
   10.8890572       680.775757       123.370300    
   10.9022560       681.600952       122.814026    
   10.9154549       682.426147       122.256042    
   10.9286537       683.251282       121.696350    
   10.9418526       684.076477       121.134949    
   10.9550514       684.901672       120.571777    
   10.9682503       685.726868       120.007019    
   10.9814491       686.552063       119.440491    
   10.9946480       687.377197       118.872253    
   11.0078468       688.202393       118.302307    
   11.0210457       689.027588       117.730591    
   11.0342445       689.852783       117.157227    
   11.0474434       690.677917       116.582214    
   11.0606422       691.503113       116.005432    
   11.0738411       692.328308       115.426880    
   11.0870399       693.153503       114.846680    
   11.1002388       693.978699       114.264771    
   11.1134377       694.803833       113.681152    
   11.1266365       695.629028       113.095825    
   11.1398354       696.454224       112.508850    
   11.1530342       697.279419       111.920044    
   11.1662331       698.104614       111.329590    
   11.1794319       698.929749       110.737427    
   11.1926308       699.754944       110.143555    
   11.2058296       700.580139       109.547974    
   11.2190285       701.405334       108.950684    
   11.2322273       702.230530       108.351685    
   11.2454262       703.055664       107.750977    
   11.2586250       703.880859       107.148560    
   11.2718239       704.706055       106.544434    
   11.2850227       705.531250       105.938599    
   11.2982216       706.356384       105.330994    
   11.3114204       707.181580       104.721802    
   11.3246193       708.006775       104.110779    
   11.3378181       708.831970       103.498108    
   11.3510170       709.657166       102.883789    
   11.3642159       710.482300       102.267700    
   11.3774147       711.307495       101.649841    
   11.3906136       712.132690       101.030334    
   11.4038124       712.957886       100.409180    
   11.4170113       713.783081       99.7862549    
   11.4302101       714.608215       99.1615601    
   11.4434090       715.433411       98.5352173    
   11.4566078       716.258606       97.9071655    
   11.4698067       717.083801       97.2774658    
   11.4830055       717.908997       96.6458740    
   11.4962044       718.734131       96.0127563    
   11.5094032       719.559326       95.3778687    
   11.5226021       720.384521       94.7412720    
   11.5358009       721.209717       94.1029663    
   11.5489998       722.034851       93.4629517    
   11.5621986       722.860046       92.8212280    
   11.5753975       723.685242       92.1778564    
   11.5885963       724.510437       91.5326538    
   11.6017952       725.335632       90.8858032    
   11.6149940       726.160767       90.2372437    
   11.6281929       726.985962       89.5869141    
   11.6413918       727.811157       88.9349365    
   11.6545906       728.636353       88.2812500    
   11.6677895       729.461548       87.6259155    
   11.6809883       730.286682       86.9688110    
   11.6941872       731.111877       86.3099976    
   11.7073860       731.937073       85.6494751    
   11.7205849       732.762268       84.9871826    
   11.7337837       733.587463       84.3232422    
   11.7469826       734.412598       83.6575928    
   11.7601814       735.237793       82.9902954    
   11.7733803       736.062988       82.3211670    
   11.7865791       736.888184       81.6503906    
   11.7997780       737.713318       80.9779053    
   11.8129768       738.538513       80.3037109    
   11.8261757       739.363708       79.6278076    
   11.8393745       740.188904       78.9501953    
   11.8525734       741.014099       78.2709351    
   11.8657722       741.839233       77.5898438    
   11.8789711       742.664429       76.9071045    
   11.8921700       743.489624       76.2226562    
   11.9053688       744.314819       75.5364380    
   11.9185677       745.140015       74.8485718    
   11.9317665       745.965149       74.1590576    
   11.9449654       746.790344       73.4677734    
   11.9581642       747.615540       72.7747192    
   11.9713631       748.440735       72.0800171    
   11.9845619       749.265930       71.3836060    
   11.9977608       750.091064       70.6854858    
   12.0109596       750.916260       69.9856567    
   12.0241585       751.741455       69.2841797    
   12.0373573       752.566650       68.5809326    
   12.0505562       753.391785       67.8759155    
   12.0637550       754.216980       67.1693115    
   12.0769539       755.042175       66.4608765    
   12.0901527       755.867371       65.7507324    
   12.1033516       756.692566       65.0390015    
   12.1165504       757.517700       64.3255615    
   12.1297493       758.342896       63.6102905    
   12.1429482       759.168091       62.8933716    
   12.1561470       759.993286       62.1747437    
   12.1693459       760.818481       61.4544067    
   12.1825447       761.643616       60.7322998    
   12.1957436       762.468811       60.0086060    
   12.2089424       763.294006       59.2831421    
   12.2221413       764.119202       58.5559692    
   12.2353401       764.944397       57.8270264    
   12.2485390       765.769531       57.0964966    
   12.2617378       766.594727       56.3641357    
   12.2749367       767.419922       55.6301270    
   12.2881355       768.245117       54.8944702    
   12.3013344       769.070251       54.1569824    
   12.3145332       769.895447       53.4178467    
   12.3277321       770.720642       52.6770020    
   12.3409309       771.545837       51.9343872    
   12.3541298       772.371033       51.1901245    
   12.3673286       773.196167       50.4442139    
   12.3805275       774.021362       49.6965332    
   12.3937263       774.846558       48.9471436    
   12.4069252       775.671753       48.1960449    
   12.4201241       776.496948       47.4432373    
   12.4333229       777.322083       46.6886597    
   12.4465218       778.147278       45.9324341    
   12.4597206       778.972473       45.1744995    
   12.4729195       779.797668       44.4149170    
   12.4861183       780.622864       43.6535034    
   12.4993172       781.447998       42.8905029    
   12.5125160       782.273193       42.1256104    
   12.5257149       783.098389       41.3591309    
   12.5389137       783.923584       40.5910034    
   12.5521126       784.748718       39.8211670    
   12.5653114       785.573914       39.0494995    
   12.5785103       786.399109       38.2761841    
   12.5917091       787.224304       37.5011597    
   12.6049080       788.049500       36.7243652    
   12.6181068       788.874634       35.9459839    
   12.6313057       789.699829       35.1658325    
   12.6445045       790.525024       34.3839722    
   12.6577034       791.350220       33.6004028    
   12.6709023       792.175415       32.8151245    
   12.6841011       793.000549       32.0281372    
   12.6973000       793.825745       31.2394409    
   12.7104988       794.650940       30.4489746    
   12.7236977       795.476135       29.6568604    
   12.7368965       796.301331       28.8630981    
   12.7500954       797.126465       28.0675659    
   12.7632942       797.951660       27.2703247    
   12.7764931       798.776855       26.4713135    
   12.7896919       799.602051       25.6706543    
   12.8028908       800.427185       24.8682251    
   12.8160896       801.252380       24.0642090    
   12.8292885       802.077576       23.2584229    
   12.8424873       802.902771       22.4509277    
   12.8556862       803.727966       21.6417236    
   12.8688850       804.553101       20.8308105    
   12.8820839       805.378296       20.0181274    
   12.8952827       806.203491       19.2038574    
   12.9084816       807.028687       18.3878174    
   12.9216805       807.853882       17.5700684    
   12.9348793       808.679016       16.7506104    
   12.9480782       809.504211       15.9293823    
   12.9612770       810.329407       15.1065063    
   12.9744759       811.154602       14.2819214    
   12.9876747       811.979797       13.4556885    
   13.0008736       812.804932       12.6276245    
   13.0140724       813.630127       11.7979736    
   13.0272713       814.455322       10.9664917    
   13.0404701       815.280518       10.1333008    
   13.0536690       816.105652       9.29852295    
   13.0668678       816.930847       8.46191406    
   13.0800667       817.756042       7.62365723    
   13.0932655       818.581238       6.78369141    
   13.1064644       819.406433       5.94207764    
   13.1196632       820.231567       5.09863281    
   13.1328621       821.056763       4.25354004    
   13.1460609       821.881958       3.40667725    
   13.1592598       822.707153       2.55822754    
   13.1724586       823.532349       1.70800781    
   13.1856575       824.357483      0.856140137    
   13.1988564       825.182678       2.44140625E-03
