   0.00000000       0.00000000       0.00000000    
   1.40324514E-02   1.37936532      0.964876235    
   2.80649029E-02   2.75873065       1.92782080    
   4.20973524E-02   4.13809586       2.88883376    
   5.61298057E-02   5.51746130       3.84791470    
   7.01622590E-02   6.89682674       4.80506468    
   8.41947123E-02   8.27619171       5.76028252    
   9.82271656E-02   9.65555763       6.71356916    
  0.112259619       11.0349226       7.66492367    
  0.126292065       12.4142876       8.61434650    
  0.140324518       13.7936535       9.56183720    
  0.154356971       15.1730185       10.5073967    
  0.168389425       16.5523834       11.4510250    
  0.182421878       17.9317493       12.3927212    
  0.196454331       19.3111153       13.3324852    
  0.210486785       20.6904812       14.2703180    
  0.224519238       22.0698452       15.2062197    
  0.238551691       23.4492111       16.1401882    
  0.252584130       24.8285751       17.0722256    
  0.266616583       26.2079411       18.0023308    
  0.280649036       27.5873070       18.9305058    
  0.294681489       28.9666729       19.8567486    
  0.308713943       30.3460369       20.7810593    
  0.322746396       31.7254028       21.7034378    
  0.336778849       33.1047668       22.6238861    
  0.350811303       34.4841347       23.5424023    
  0.364843756       35.8634987       24.4589863    
  0.378876209       37.2428665       25.3736382    
  0.392908663       38.6222305       26.2863598    
  0.406941116       40.0015945       27.1971493    
  0.420973569       41.3809624       28.1060066    
  0.435006022       42.7603264       29.0129318    
  0.449038476       44.1396904       29.9179268    
  0.463070929       45.5190582       30.8209896    
  0.477103382       46.8984222       31.7221203    
  0.491135836       48.2777901       32.6213188    
  0.505168259       49.6571503       33.5185852    
  0.519200683       51.0365143       34.4139175    
  0.533233106       52.4158745       35.3073196    
  0.547265530       53.7952385       36.1987915    
  0.561297953       55.1746025       37.0883331    
  0.575330377       56.5539627       37.9759369    
  0.589362800       57.9333267       38.8616142    
  0.603395224       59.3126907       39.7453575    
  0.617427647       60.6920509       40.6271667    
  0.631460071       62.0714149       41.5070496    
  0.645492494       63.4507751       42.3849983    
  0.659524918       64.8301392       43.2610130    
  0.673557341       66.2095032       44.1350975    
  0.687589765       67.5888672       45.0072517    
  0.701622188       68.9682236       45.8774757    
  0.715654612       70.3475876       46.7457657    
  0.729687035       71.7269516       47.6121254    
  0.743719459       73.1063156       48.4765511    
  0.757751882       74.4856796       49.3390465    
  0.771784306       75.8650360       50.1996117    
  0.785816729       77.2444000       51.0582428    
  0.799849153       78.6237640       51.9149437    
  0.813881576       80.0031281       52.7697105    
  0.827914000       81.3824921       53.6225471    
  0.841946423       82.7618484       54.4734535    
  0.855978847       84.1412125       55.3224297    
  0.870011270       85.5205765       56.1694679    
  0.884043694       86.8999405       57.0145798    
  0.898076117       88.2793045       57.8577576    
  0.912108541       89.6586685       58.6990051    
  0.926140964       91.0380249       59.5383224    
  0.940173388       92.4173889       60.3757095    
  0.954205811       93.7967529       61.2111549    
  0.968238235       95.1761169       62.0446777    
  0.982270658       96.5554810       62.8762627    
  0.996303082       97.9348373       63.7059212    
   1.01033556       99.3142090       64.5336456    
   1.02436805       100.693581       65.3594437    
   1.03840053       102.072945       66.1833115    
   1.05243301       103.452316       67.0052490    
   1.06646550       104.831680       67.8252487    
   1.08049798       106.211052       68.6433182    
   1.09453046       107.590416       69.4594574    
   1.10856295       108.969788       70.2736664    
   1.12259543       110.349159       71.0859375    
   1.13662791       111.728523       71.8962784    
   1.15066040       113.107895       72.7046967    
   1.16469288       114.487259       73.5111771    
   1.17872536       115.866631       74.3157272    
   1.19275784       117.245995       75.1183395    
   1.20679033       118.625366       75.9190216    
   1.22082281       120.004738       76.7177734    
   1.23485529       121.384102       77.5145950    
   1.24888778       122.763474       78.3094864    
   1.26292026       124.142838       79.1024475    
   1.27695274       125.522209       79.8934784    
   1.29098523       126.901573       80.6825714    
   1.30501771       128.280945       81.4697266    
   1.31905019       129.660309       82.2549591    
   1.33308268       131.039688       83.0382614    
   1.34711516       132.419052       83.8196259    
   1.36114764       133.798416       84.5990677    
   1.37518013       135.177780       85.3765717    
   1.38921261       136.557159       86.1521454    
   1.40324509       137.936523       86.9257812    
   1.41727757       139.315887       87.6974945    
   1.43131006       140.695267       88.4672699    
   1.44534254       142.074631       89.2351151    
   1.45937502       143.453995       90.0010376    
   1.47340751       144.833359       90.7650146    
   1.48743999       146.212738       91.5270691    
   1.50147247       147.592102       92.2871857    
   1.51550496       148.971466       93.0453720    
   1.52953744       150.350845       93.8016281    
   1.54356992       151.730209       94.5559540    
   1.55760241       153.109573       95.3083496    
   1.57163489       154.488937       96.0588074    
   1.58566737       155.868317       96.8073425    
   1.59969985       157.247681       97.5539398    
   1.61373234       158.627045       98.2985992    
   1.62776482       160.006424       99.0413361    
   1.64179730       161.385788       99.7821350    
   1.65582979       162.765152       100.521011    
   1.66986227       164.144516       101.257950    
   1.68389475       165.523895       101.992958    
   1.69792724       166.903259       102.726028    
   1.71195972       168.282623       103.457176    
   1.72599220       169.662003       104.186386    
   1.74002469       171.041367       104.913666    
   1.75405717       172.420731       105.639023    
   1.76808965       173.800095       106.362434    
   1.78212214       175.179474       107.083923    
   1.79615462       176.558838       107.803474    
   1.81018710       177.938202       108.521095    
   1.82421958       179.317581       109.236786    
   1.83825207       180.696945       109.950546    
   1.85228455       182.076309       110.662376    
   1.86631703       183.455688       111.372261    
   1.88034952       184.835052       112.080231    
   1.89438200       186.214417       112.786255    
   1.90841448       187.593781       113.490364    
   1.92244697       188.973160       114.192535    
   1.93647945       190.352524       114.892769    
   1.95051193       191.731888       115.591080    
   1.96454442       193.111267       116.287445    
   1.97857690       194.490631       116.981888    
   1.99260938       195.869995       117.674393    
   2.00664186       197.249359       118.364975    
   2.02067423       198.628723       119.053619    
   2.03470659       200.008072       119.740326    
   2.04873896       201.387436       120.425102    
   2.06277132       202.766785       121.107948    
   2.07680368       204.146149       121.788864    
   2.09083605       205.525497       122.467850    
   2.10486841       206.904861       123.144897    
   2.11890078       208.284225       123.820015    
   2.13293314       209.663574       124.493202    
   2.14696550       211.042938       125.164459    
   2.16099787       212.422287       125.833786    
   2.17503023       213.801651       126.501175    
   2.18906260       215.181000       127.166634    
   2.20309496       216.560364       127.830177    
   2.21712732       217.939713       128.491776    
   2.23115969       219.319077       129.151443    
   2.24519205       220.698425       129.809174    
   2.25922441       222.077789       130.464981    
   2.27325678       223.457138       131.118851    
   2.28728914       224.836502       131.770782    
   2.30132151       226.215851       132.420792    
   2.31535387       227.595215       133.068863    
   2.32938623       228.974564       133.715012    
   2.34341860       230.353928       134.359222    
   2.35745096       231.733276       135.001511    
   2.37148333       233.112640       135.641861    
   2.38551569       234.491989       136.280273    
   2.39954805       235.871353       136.916763    
   2.41358042       237.250702       137.551315    
   2.42761278       238.630066       138.183929    
   2.44164515       240.009415       138.814621    
   2.45567751       241.388779       139.443390    
   2.46970987       242.768143       140.070206    
   2.48374224       244.147491       140.695114    
   2.49777460       245.526855       141.318069    
   2.51180696       246.906204       141.939102    
   2.52583933       248.285568       142.558197    
   2.53987169       249.664917       143.175369    
   2.55390406       251.044281       143.790604    
   2.56793642       252.423630       144.403915    
   2.58196878       253.802994       145.015289    
   2.59600115       255.182343       145.624725    
   2.61003351       256.561707       146.232239    
   2.62406588       257.941071       146.837830    
   2.63809824       259.320404       147.441483    
   2.65213060       260.699768       148.043198    
   2.66616297       262.079132       148.642990    
   2.68019533       263.458496       149.240845    
   2.69422770       264.837830       149.836761    
   2.70826006       266.217194       150.430756    
   2.72229242       267.596558       151.022797    
   2.73632479       268.975922       151.612930    
   2.75035715       270.355255       152.201126    
   2.76438951       271.734619       152.787384    
   2.77842188       273.113983       153.371719    
   2.79245424       274.493347       153.954117    
   2.80648661       275.872681       154.534576    
   2.82051897       277.252045       155.113129    
   2.83455133       278.631409       155.689728    
   2.84858370       280.010773       156.264404    
   2.86261606       281.390137       156.837143    
   2.87664843       282.769470       157.407944    
   2.89068079       284.148834       157.976822    
   2.90471315       285.528198       158.543762    
   2.91874552       286.907562       159.108780    
   2.93277788       288.286896       159.671875    
   2.94681025       289.666260       160.233017    
   2.96084261       291.045624       160.792236    
   2.97487497       292.424988       161.349518    
   2.98890734       293.804321       161.904877    
   3.00293970       295.183685       162.458313    
   3.01697206       296.563049       163.009796    
   3.03100443       297.942413       163.559357    
   3.04503679       299.321747       164.106995    
   3.05906916       300.701111       164.652695    
   3.07310152       302.080475       165.196472    
   3.08713388       303.459839       165.738297    
   3.10116625       304.839172       166.278198    
   3.11519861       306.218536       166.816177    
   3.12923098       307.597900       167.352219    
   3.14326334       308.977264       167.886322    
   3.15729570       310.356598       168.418488    
   3.17132807       311.735962       168.948746    
   3.18536043       313.115326       169.477051    
   3.19939280       314.494690       170.003433    
   3.21342516       315.874054       170.527893    
   3.22745752       317.253387       171.050400    
   3.24148989       318.632751       171.570984    
   3.25552225       320.012115       172.089645    
   3.26955462       321.391479       172.606369    
   3.28358698       322.770813       173.121155    
   3.29761934       324.150177       173.634018    
   3.31165171       325.529541       174.144943    
   3.32568407       326.908905       174.653931    
   3.33971643       328.288239       175.161011    
   3.35374880       329.667603       175.666138    
   3.36778116       331.046967       176.169342    
   3.38181353       332.426331       176.670609    
   3.39584589       333.805664       177.169952    
   3.40987825       335.185028       177.667358    
   3.42391062       336.564392       178.162827    
   3.43794298       337.943756       178.656372    
   3.45197535       339.323090       179.147980    
   3.46600771       340.702454       179.637665    
   3.48004007       342.081818       180.125412    
   3.49407244       343.461182       180.611237    
   3.50810480       344.840515       181.095123    
   3.52213717       346.219879       181.577072    
   3.53616953       347.599243       182.057098    
   3.55020189       348.978607       182.535187    
   3.56423426       350.357971       183.011353    
   3.57826662       351.737305       183.485565    
   3.59229898       353.116669       183.957870    
   3.60633135       354.496033       184.428223    
   3.62036371       355.875397       184.896667    
   3.63439608       357.254730       185.363159    
   3.64842844       358.634094       185.827728    
   3.66246080       360.013458       186.290359    
   3.67649317       361.392822       186.751068    
   3.69052553       362.772156       187.209839    
   3.70455790       364.151520       187.666687    
   3.71859026       365.530884       188.121582    
   3.73262262       366.910248       188.574585    
   3.74665499       368.289581       189.025620    
   3.76068735       369.668945       189.474731    
   3.77471972       371.048309       189.921906    
   3.78875208       372.427673       190.367188    
   3.80278444       373.807007       190.810486    
   3.81681681       375.186371       191.251892    
   3.83084917       376.565735       191.691330    
   3.84488153       377.945099       192.128876    
   3.85891390       379.324432       192.564453    
   3.87294626       380.703796       192.998123    
   3.88697863       382.083160       193.429840    
   3.90101099       383.462524       193.859650    
   3.91504335       384.841888       194.287506    
   3.92907572       386.221222       194.713440    
   3.94310808       387.600586       195.137436    
   3.95714045       388.979950       195.559525    
   3.97117281       390.359314       195.979645    
   3.98520517       391.738647       196.397873    
   3.99923754       393.118011       196.814133    
   4.01326990       394.497375       197.228500    
   4.02730227       395.876740       197.640900    
   4.04133463       397.256073       198.051392    
   4.05536699       398.635437       198.459930    
   4.06939936       400.014801       198.866547    
   4.08343172       401.394165       199.271240    
   4.09746408       402.773499       199.674011    
   4.11149645       404.152863       200.074799    
   4.12552881       405.532227       200.473724    
   4.13956118       406.911591       200.870682    
   4.15359354       408.290924       201.265701    
   4.16762590       409.670288       201.658813    
   4.18165827       411.049652       202.049957    
   4.19569063       412.429016       202.439209    
   4.20972300       413.808350       202.826508    
   4.22375536       415.187714       203.211884    
   4.23778772       416.567078       203.595306    
   4.25182009       417.946442       203.976822    
   4.26585245       419.325806       204.356384    
   4.27988482       420.705139       204.734039    
   4.29391718       422.084503       205.109741    
   4.30794954       423.463867       205.483536    
   4.32198191       424.843231       205.855377    
   4.33601427       426.222565       206.225311    
   4.35004663       427.601929       206.593262    
   4.36407900       428.981293       206.959351    
   4.37811136       430.360657       207.323441    
   4.39214373       431.739990       207.685654    
   4.40617609       433.119354       208.045898    
   4.42020845       434.498718       208.404236    
   4.43424082       435.878082       208.760620    
   4.44827318       437.257416       209.115082    
   4.46230555       438.636780       209.467621    
   4.47633791       440.016144       209.818222    
   4.49037027       441.395508       210.166870    
   4.50440264       442.774841       210.513641    
   4.51843500       444.154205       210.858429    
   4.53246737       445.533569       211.201309    
   4.54649973       446.912933       211.542236    
   4.56053209       448.292267       211.881256    
   4.57456446       449.671631       212.218353    
   4.58859682       451.050995       212.553482    
   4.60262918       452.430359       212.886719    
   4.61666155       453.809723       213.217987    
   4.63069391       455.189056       213.547348    
   4.64472628       456.568420       213.874756    
   4.65875864       457.947784       214.200256    
   4.67279100       459.327148       214.523804    
   4.68682337       460.706482       214.845444    
   4.70085573       462.085846       215.165115    
   4.71488810       463.465210       215.482895    
   4.72892046       464.844574       215.798706    
   4.74295282       466.223907       216.112625    
   4.75698519       467.603271       216.424576    
   4.77101755       468.982635       216.734619    
   4.78504992       470.362000       217.042725    
   4.79908228       471.741333       217.348907    
   4.81311464       473.120697       217.653122    
   4.82714701       474.500061       217.955444    
   4.84117937       475.879425       218.255814    
   4.85521173       477.258759       218.554276    
   4.86924410       478.638123       218.850769    
   4.88327646       480.017487       219.145355    
   4.89730883       481.396851       219.438004    
   4.91134119       482.776184       219.728729    
   4.92537355       484.155548       220.017517    
   4.93940592       485.534912       220.304382    
   4.95343828       486.914276       220.589294    
   4.96747065       488.293640       220.872284    
   4.98150301       489.672974       221.153336    
   4.99553537       491.052338       221.432480    
   5.00956774       492.431702       221.709686    
   5.02360010       493.811066       221.984940    
   5.03763247       495.190399       222.258301    
   5.05166483       496.569763       222.529678    
   5.06569719       497.949127       222.799164    
   5.07972956       499.328491       223.066681    
   5.09376192       500.707825       223.332306    
   5.10779428       502.087189       223.595963    
   5.12182665       503.466553       223.857727    
   5.13585901       504.845917       224.117523    
   5.14989138       506.225250       224.375412    
   5.16392374       507.604614       224.631348    
   5.17795610       508.983978       224.885376    
   5.19198847       510.363342       225.137451    
   5.20602083       511.742676       225.387619    
   5.22005320       513.122070       225.635834    
   5.23408556       514.501404       225.882141    
   5.24811792       515.880737       226.126480    
   5.26215029       517.260132       226.368927    
   5.27618265       518.639465       226.609390    
   5.29021502       520.018799       226.847977    
   5.30424738       521.398193       227.084595    
   5.31827974       522.777527       227.319305    
   5.33231211       524.156921       227.552063    
   5.34634447       525.536255       227.782913    
   5.36037683       526.915588       228.011810    
   5.37440920       528.294983       228.238800    
   5.38844156       529.674316       228.463821    
   5.40247393       531.053711       228.686951    
   5.41650629       532.433044       228.908112    
   5.43053865       533.812378       229.127380    
   5.44457102       535.191772       229.344696    
   5.45860338       536.571106       229.560074    
   5.47263575       537.950439       229.773544    
   5.48666811       539.329834       229.985046    
   5.50070047       540.709167       230.194656    
   5.51473284       542.088562       230.402283    
   5.52876520       543.467896       230.608032    
   5.54279757       544.847229       230.811813    
   5.55682993       546.226624       231.013687    
   5.57086229       547.605957       231.213608    
   5.58489466       548.985291       231.411621    
   5.59892702       550.364685       231.607666    
   5.61295938       551.744019       231.801819    
   5.62699175       553.123413       231.994003    
   5.64102411       554.502747       232.184296    
   5.65505648       555.882080       232.372620    
   5.66908884       557.261475       232.559036    
   5.68312120       558.640808       232.743500    
   5.69715357       560.020203       232.926071    
   5.71118593       561.399536       233.106659    
   5.72521830       562.778870       233.285355    
   5.73925066       564.158264       233.462097    
   5.75328302       565.537598       233.636932    
   5.76731539       566.916931       233.809799    
   5.78134775       568.296326       233.980789    
   5.79538012       569.675659       234.149796    
   5.80941248       571.055054       234.316879    
   5.82344484       572.434387       234.482040    
   5.83747721       573.813721       234.645279    
   5.85150957       575.193115       234.806595    
   5.86554193       576.572449       234.965942    
   5.87957430       577.951782       235.123398    
   5.89360666       579.331177       235.278885    
   5.90763903       580.710510       235.432465    
   5.92167139       582.089905       235.584091    
   5.93570375       583.469238       235.733810    
   5.94973612       584.848572       235.881577    
   5.96376848       586.227966       236.027420    
   5.97780085       587.607300       236.171326    
   5.99183321       588.986633       236.313324    
   6.00586557       590.366028       236.453354    
   6.01989794       591.745361       236.591492    
   6.03393030       593.124756       236.727661    
   6.04796267       594.504089       236.861923    
   6.06199503       595.883423       236.994247    
   6.07602739       597.262817       237.124634    
   6.09005976       598.642151       237.253082    
   6.10409212       600.021545       237.379623    
   6.11812449       601.400879       237.504211    
   6.13215685       602.780212       237.626892    
   6.14618921       604.159607       237.747604    
   6.16022158       605.538940       237.866425    
   6.17425394       606.918274       237.983292    
   6.18828630       608.297668       238.098236    
   6.20231867       609.677002       238.211212    
   6.21635103       611.056396       238.322311    
   6.23038340       612.435730       238.431442    
   6.24441576       613.815063       238.538666    
   6.25844812       615.194458       238.643921    
   6.27248049       616.573792       238.747284    
   6.28651285       617.953125       238.848724    
   6.30054522       619.332520       238.948196    
   6.31457758       620.711853       239.045761    
   6.32860994       622.091248       239.141357    
   6.34264231       623.470581       239.235077    
   6.35667467       624.849915       239.326797    
   6.37070704       626.229309       239.416656    
   6.38473940       627.608643       239.504532    
   6.39877176       628.988037       239.590515    
   6.41280413       630.367371       239.674515    
   6.42683649       631.746704       239.756638    
   6.44086885       633.126099       239.836792    
   6.45490122       634.505432       239.915054    
   6.46893358       635.884766       239.991318    
   6.48296595       637.264160       240.065720    
   6.49699831       638.643494       240.138138    
   6.51103067       640.022888       240.208664    
   6.52506304       641.402222       240.277237    
   6.53909540       642.781555       240.343887    
   6.55312777       644.160950       240.408585    
   6.56716013       645.540283       240.471375    
   6.58119249       646.919617       240.532227    
   6.59522486       648.299011       240.591156    
   6.60925722       649.678345       240.648132    
   6.62328959       651.057739       240.703201    
   6.63732195       652.437073       240.756317    
   6.65135431       653.816406       240.807526    
   6.66538668       655.195801       240.856766    
   6.67941904       656.575134       240.904114    
   6.69345140       657.954468       240.949493    
   6.70748377       659.333862       240.992981    
   6.72151613       660.713196       241.034515    
   6.73554850       662.092590       241.074112    
   6.74958086       663.471924       241.111786    
   6.76361322       664.851257       241.147522    
   6.77764559       666.230652       241.181335    
   6.79167795       667.609985       241.213211    
   6.80571032       668.989380       241.243164    
   6.81974268       670.368713       241.271149    
   6.83377504       671.748047       241.297256    
   6.84780741       673.127441       241.321381    
   6.86183977       674.506775       241.343613    
   6.87587214       675.886108       241.363892    
   6.88990450       677.265503       241.382263    
   6.90393686       678.644836       241.398666    
   6.91796923       680.024231       241.413177    
   6.93200159       681.403564       241.425720    
   6.94603395       682.782898       241.436371    
   6.96006632       684.162292       241.445038    
   6.97409868       685.541626       241.451813    
   6.98813105       686.920959       241.456635    
   7.00216341       688.300354       241.459564    
   7.01619577       689.679688       241.460510    
   7.03022814       691.059082       241.459579    
   7.04426050       692.438416       241.456665    
   7.05829287       693.817749       241.451843    
   7.07232523       695.197144       241.445084    
   7.08635759       696.576477       241.436401    
   7.10038996       697.955811       241.425766    
   7.11442232       699.335205       241.413223    
   7.12845469       700.714539       241.398743    
   7.14248705       702.093933       241.382324    
   7.15651941       703.473267       241.363998    
   7.17055178       704.852600       241.343704    
   7.18458414       706.231995       241.321518    
   7.19861650       707.611328       241.297348    
   7.21264887       708.990723       241.271286    
   7.22668123       710.370056       241.243256    
   7.24071360       711.749390       241.213348    
   7.25474596       713.128784       241.181458    
   7.26877832       714.508118       241.147675    
   7.28281069       715.887451       241.111938    
   7.29684305       717.266846       241.074280    
   7.31087542       718.646179       241.034668    
   7.32490778       720.025574       240.993164    
   7.33894014       721.404907       240.949677    
   7.35297251       722.784241       240.904327    
   7.36700487       724.163635       240.856964    
   7.38103724       725.542969       240.807739    
   7.39506960       726.922302       240.756531    
   7.40910196       728.301697       240.703430    
   7.42313433       729.681030       240.648376    
   7.43716669       731.060425       240.591400    
   7.45119905       732.439758       240.532501    
   7.46523142       733.819092       240.471649    
   7.47926378       735.198486       240.408844    
   7.49329615       736.577820       240.344147    
   7.50732851       737.957214       240.277557    
   7.52136087       739.336548       240.208954    
   7.53539324       740.715881       240.138458    
   7.54942560       742.095276       240.065979    
   7.56345797       743.474609       239.991669    
   7.57749033       744.853943       239.915375    
   7.59152269       746.233337       239.837128    
   7.60555506       747.612671       239.757019    
   7.61958742       748.992065       239.674896    
   7.63361979       750.371399       239.590851    
   7.64765215       751.750732       239.504883    
   7.66168451       753.130127       239.417053    
   7.67571688       754.509460       239.327209    
   7.68974924       755.888794       239.235443    
   7.70378160       757.268188       239.141754    
   7.71781397       758.647522       239.046173    
   7.73184633       760.026917       238.948608    
   7.74587870       761.406250       238.849121    
   7.75991106       762.785583       238.747711    
   7.77394342       764.164978       238.644409    
   7.78797579       765.544312       238.539124    
   7.80200815       766.923645       238.431915    
   7.81604052       768.303040       238.322754    
   7.83007288       769.682373       238.211731    
   7.84410524       771.061768       238.098724    
   7.85813761       772.441101       237.983765    
   7.87216997       773.820435       237.866882    
   7.88620234       775.199829       237.748138    
   7.90023470       776.579163       237.627411    
   7.91426706       777.958557       237.504730    
   7.92829943       779.337891       237.380127    
   7.94233179       780.717224       237.253662    
   7.95636415       782.096619       237.125183    
   7.97039652       783.475952       236.994781    
   7.98442888       784.855286       236.862457    
   7.99846125       786.234680       236.728241    
   8.01249409       787.614075       236.592102    
   8.02652645       788.993408       236.453979    
   8.04055882       790.372803       236.313904    
   8.05459118       791.752136       236.171906    
   8.06862354       793.131470       236.028076    
   8.08265591       794.510864       235.882233    
   8.09668827       795.890198       235.734436    
   8.11072063       797.269592       235.584717    
   8.12475300       798.648926       235.433136    
   8.13878536       800.028259       235.279541    
   8.15281773       801.407654       235.124023    
   8.16685009       802.786987       234.966583    
   8.18088245       804.166382       234.807312    
   8.19491482       805.545715       234.645966    
   8.20894718       806.925049       234.482758    
   8.22297955       808.304443       234.317566    
   8.23701191       809.683777       234.150543    
   8.25104427       811.063110       233.981476    
   8.26507664       812.442505       233.810516    
   8.27910900       813.821838       233.637634    
   8.29314137       815.201233       233.462891    
   8.30717373       816.580566       233.286133    
   8.32120609       817.959900       233.107422    
   8.33523846       819.339294       232.926788    
   8.34927082       820.718628       232.744324    
   8.36330318       822.097961       232.559845    
   8.37733555       823.477356       232.373413    
   8.39136791       824.856689       232.185120    
   8.40540028       826.236084       231.994812    
   8.41943264       827.615417       231.802612    
   8.43346500       828.994751       231.608490    
   8.44749737       830.374146       231.412476    
   8.46152973       831.753479       231.214447    
   8.47556210       833.132812       231.014526    
   8.48959446       834.512207       230.812683    
   8.50362682       835.891541       230.608917    
   8.51765919       837.270935       230.403198    
   8.53169155       838.650269       230.195496    
   8.54572392       840.029602       229.985931    
   8.55975628       841.408997       229.774475    
   8.57378864       842.788330       229.561005    
   8.58782101       844.167725       229.345581    
   8.60185337       845.547058       229.128265    
   8.61588573       846.926392       228.909058    
   8.62991810       848.305786       228.687897    
   8.64395046       849.685120       228.464783    
   8.65798283       851.064453       228.239746    
   8.67201519       852.443848       228.012787    
   8.68604755       853.823181       227.783875    
   8.70007992       855.202576       227.553040    
   8.71411228       856.581909       227.320282    
   8.72814465       857.961243       227.085602    
   8.74217701       859.340637       226.848969    
   8.75620937       860.719971       226.610413    
   8.77024174       862.099304       226.369934    
   8.78427410       863.478699       226.127533    
   8.79830647       864.858032       225.883179    
   8.81233883       866.237427       225.636871    
   8.82637119       867.616760       225.388702    
   8.84040356       868.996094       225.138550    
   8.85443592       870.375488       224.886444    
   8.86846828       871.754822       224.632446    
   8.88250065       873.134216       224.376526    
   8.89653301       874.513550       224.118622    
   8.91056538       875.892883       223.858795    
   8.92459774       877.272278       223.597076    
   8.93863010       878.651611       223.333435    
   8.95266247       880.030945       223.067841    
   8.96669483       881.410339       222.800262    
   8.98072720       882.789673       222.530823    
   8.99475956       884.169067       222.259460    
   9.00879192       885.548401       221.986115    
   9.02282429       886.927734       221.710815    
   9.03685665       888.307129       221.433624    
   9.05088902       889.686462       221.154541    
   9.06492138       891.065796       220.873505    
   9.07895374       892.445190       220.590515    
   9.09298611       893.824524       220.305573    
   9.10701847       895.203918       220.018768    
   9.12105083       896.583252       219.729980    
   9.13508320       897.962585       219.439240    
   9.14911556       899.341980       219.146576    
   9.16314793       900.721313       218.852051    
   9.17718029       902.100647       218.555542    
   9.19121265       903.480042       218.257050    
   9.20524502       904.859375       217.956696    
   9.21927738       906.238770       217.654419    
   9.23330975       907.618103       217.350189    
   9.24734211       908.997437       217.044006    
   9.26137447       910.376831       216.735962    
   9.27540684       911.756165       216.425903    
   9.28943920       913.135559       216.113953    
   9.30347157       914.514893       215.800049    
   9.31750393       915.894226       215.484253    
   9.33153629       917.273621       215.166504    
   9.34556866       918.652954       214.846771    
   9.35960102       920.032288       214.525146    
   9.37363338       921.411682       214.201630    
   9.38766575       922.791016       213.876160    
   9.40169811       924.170410       213.548706    
   9.41573048       925.549744       213.219360    
   9.42976284       926.929077       212.888153    
   9.44379520       928.308472       212.554932    
   9.45782757       929.687805       212.219757    
   9.47185993       931.067139       211.882660    
   9.48589230       932.446533       211.543701    
   9.49992466       933.825867       211.202789    
   9.51395702       935.205261       210.859863    
   9.52798939       936.584595       210.515045    
   9.54202175       937.963928       210.168396    
   9.55605412       939.343323       209.819702    
   9.57008648       940.722656       209.469086    
   9.58411884       942.102051       209.116577    
   9.59815121       943.481384       208.762177    
   9.61218357       944.860718       208.405731    
   9.62621593       946.240112       208.047424    
   9.64024830       947.619446       207.687134    
   9.65428066       948.998779       207.325012    
   9.66831303       950.378174       206.960876    
   9.68234539       951.757507       206.594818    
   9.69637775       953.136902       206.226868    
   9.71041012       954.516235       205.856995    
   9.72444248       955.895569       205.485107    
   9.73847485       957.274963       205.111328    
   9.75250721       958.654297       204.735657    
   9.76653957       960.033630       204.358032    
   9.78057194       961.413025       203.978455    
   9.79460430       962.792358       203.596924    
   9.80863667       964.171753       203.213531    
   9.82266903       965.551086       202.828156    
   9.83670139       966.930420       202.440826    
   9.85073376       968.309814       202.051575    
   9.86476612       969.689148       201.660461    
   9.87879848       971.068481       201.267365    
   9.89283085       972.447876       200.872345    
   9.90686321       973.827209       200.475403    
   9.92089558       975.206604       200.076538    
   9.93492794       976.585938       199.675690    
   9.94896030       977.965271       199.272949    
   9.96299267       979.344666       198.868256    
   9.97702503       980.723999       198.461670    
   9.99105740       982.103394       198.053131    
   10.0050898       983.482727       197.642639    
   10.0191221       984.862061       197.230225    
   10.0331545       986.241455       196.815918    
   10.0471869       987.620789       196.399658    
   10.0612192       989.000122       195.981415    
   10.0752516       990.379517       195.561279    
   10.0892839       991.758850       195.139282    
   10.1033163       993.138245       194.715240    
   10.1173487       994.517578       194.289307    
   10.1313810       995.896912       193.861481    
   10.1454134       997.276306       193.431671    
   10.1594458       998.655640       192.999939    
   10.1734781       1000.03497       192.566284    
   10.1875105       1001.41437       192.130737    
   10.2015429       1002.79370       191.693176    
   10.2155752       1004.17310       191.253723    
   10.2296076       1005.55243       190.812317    
   10.2436399       1006.93176       190.369080    
   10.2576723       1008.31116       189.923828    
   10.2717047       1009.69049       189.476624    
   10.2857370       1011.06982       189.027527    
   10.2997694       1012.44922       188.576477    
   10.3138018       1013.82855       188.123535    
   10.3278341       1015.20795       187.668640    
   10.3418665       1016.58728       187.211792    
   10.3558989       1017.96661       186.753052    
   10.3699312       1019.34601       186.292297    
   10.3839636       1020.72534       185.829712    
   10.3979959       1022.10474       185.365112    
   10.4120283       1023.48407       184.898682    
   10.4260607       1024.86340       184.430237    
   10.4400930       1026.24280       183.959839    
   10.4541254       1027.62219       183.487549    
   10.4681578       1029.00146       183.013367    
   10.4821901       1030.38086       182.537170    
   10.4962225       1031.76025       182.059143    
   10.5102549       1033.13953       181.579163    
   10.5242872       1034.51892       181.097168    
   10.5383196       1035.89832       180.613281    
   10.5523520       1037.27759       180.127441    
   10.5663843       1038.65698       179.639771    
   10.5804167       1040.03638       179.150085    
   10.5944490       1041.41565       178.658447    
   10.6084814       1042.79504       178.164917    
   10.6225138       1044.17444       177.669495    
   10.6365461       1045.55371       177.172058    
   10.6505785       1046.93311       176.672729    
   10.6646109       1048.31250       176.171448    
   10.6786432       1049.69189       175.668274    
   10.6926756       1051.07117       175.163147    
   10.7067080       1052.45056       174.656067    
   10.7207403       1053.82996       174.147095    
   10.7347727       1055.20923       173.636230    
   10.7488050       1056.58862       173.123352    
   10.7628374       1057.96802       172.608521    
   10.7768698       1059.34729       172.091797    
   10.7909021       1060.72668       171.573242    
   10.8049345       1062.10608       171.052612    
   10.8189669       1063.48535       170.530090    
   10.8329992       1064.86475       170.005615    
   10.8470316       1066.24414       169.479309    
   10.8610640       1067.62354       168.950989    
   10.8750963       1069.00281       168.420715    
   10.8891287       1070.38220       167.888550    
   10.9031610       1071.76160       167.354492    
   10.9171934       1073.14087       166.818420    
   10.9312258       1074.52026       166.280457    
   10.9452581       1075.89966       165.740601    
   10.9592905       1077.27893       165.198792    
   10.9733229       1078.65833       164.654968    
   10.9873552       1080.03772       164.109314    
   11.0013876       1081.41699       163.561707    
   11.0154200       1082.79639       163.012146    
   11.0294523       1084.17578       162.460632    
   11.0434847       1085.55518       161.907227    
   11.0575171       1086.93445       161.351929    
   11.0715494       1088.31384       160.794617    
   11.0855818       1089.69324       160.235413    
   11.0996141       1091.07251       159.674255    
   11.1136465       1092.45190       159.111206    
   11.1276789       1093.83130       158.546204    
   11.1417112       1095.21057       157.979248    
   11.1557436       1096.58997       157.410339    
   11.1697760       1097.96936       156.839600    
   11.1838083       1099.34863       156.266846    
   11.1978407       1100.72803       155.692139    
   11.2118731       1102.10742       155.115540    
   11.2259054       1103.48669       154.537048    
   11.2399378       1104.86609       153.956543    
   11.2539701       1106.24548       153.374146    
   11.2680025       1107.62488       152.789856    
   11.2820349       1109.00415       152.203613    
   11.2960672       1110.38354       151.615417    
   11.3100996       1111.76294       151.025330    
   11.3241320       1113.14221       150.433228    
   11.3381643       1114.52161       149.839294    
   11.3521967       1115.90100       149.243347    
   11.3662291       1117.28027       148.645508    
   11.3802614       1118.65967       148.045776    
   11.3942938       1120.03906       147.444092    
   11.4083261       1121.41833       146.840393    
   11.4223585       1122.79773       146.234802    
   11.4363909       1124.17712       145.627380    
   11.4504232       1125.55652       145.017883    
   11.4644556       1126.93579       144.406494    
   11.4784880       1128.31519       143.793152    
   11.4925203       1129.69458       143.178040    
   11.5065527       1131.07385       142.560852    
   11.5205851       1132.45325       141.941772    
   11.5346174       1133.83264       141.320740    
   11.5486498       1135.21191       140.697815    
   11.5626822       1136.59131       140.072876    
   11.5767145       1137.97070       139.445984    
   11.5907469       1139.34998       138.817261    
   11.6047792       1140.72937       138.186646    
   11.6188116       1142.10876       137.554016    
   11.6328440       1143.48804       136.919434    
   11.6468763       1144.86743       136.282898    
   11.6609087       1146.24683       135.644592    
   11.6749411       1147.62622       135.004272    
   11.6889734       1149.00549       134.361938    
   11.7030058       1150.38489       133.717712    
   11.7170382       1151.76428       133.071594    
   11.7310705       1153.14355       132.423584    
   11.7451029       1154.52295       131.773499    
   11.7591352       1155.90234       131.121582    
   11.7731676       1157.28162       130.467712    
   11.7872000       1158.66101       129.811951    
   11.8012323       1160.04041       129.154175    
   11.8152647       1161.41968       128.494629    
   11.8292971       1162.79907       127.833008    
   11.8433294       1164.17847       127.169495    
   11.8573618       1165.55786       126.503967    
   11.8713942       1166.93713       125.836670    
   11.8854265       1168.31653       125.167297    
   11.8994589       1169.69592       124.496033    
   11.9134912       1171.07520       123.822876    
   11.9275236       1172.45459       123.147766    
   11.9415560       1173.83398       122.470764    
   11.9555883       1175.21326       121.791748    
   11.9696207       1176.59265       121.110840    
   11.9836531       1177.97205       120.428040    
   11.9976854       1179.35132       119.743225    
   12.0117178       1180.73071       119.056580    
   12.0257502       1182.11011       118.367859    
   12.0397825       1183.48938       117.677368    
   12.0538149       1184.86877       116.984863    
   12.0678473       1186.24817       116.290405    
   12.0818796       1187.62756       115.593994    
   12.0959120       1189.00684       114.895813    
   12.1099443       1190.38623       114.195496    
   12.1239767       1191.76562       113.493347    
   12.1380091       1193.14490       112.789246    
   12.1520414       1194.52429       112.083313    
   12.1660738       1195.90369       111.375366    
   12.1801062       1197.28296       110.665466    
   12.1941385       1198.66235       109.953552    
   12.2081709       1200.04175       109.239868    
   12.2222033       1201.42102       108.524231    
   12.2362356       1202.80042       107.806580    
   12.2502680       1204.17981       107.087097    
   12.2643003       1205.55920       106.365662    
   12.2783327       1206.93848       105.642151    
   12.2923651       1208.31787       104.916870    
   12.3063974       1209.69727       104.189636    
   12.3204298       1211.07654       103.460449    
   12.3344622       1212.45593       102.729248    
   12.3484945       1213.83533       101.996155    
   12.3625269       1215.21460       101.261230    
   12.3765593       1216.59399       100.524353    
   12.3905916       1217.97339       99.7854004    
   12.4046240       1219.35266       99.0446167    
   12.4186563       1220.73206       98.3020020    
   12.4326887       1222.11145       97.5573120    
   12.4467211       1223.49084       96.8106689    
   12.4607534       1224.87012       96.0621948    
   12.4747858       1226.24951       95.3117676    
   12.4888182       1227.62891       94.5593872    
   12.5028505       1229.00818       93.8050537    
   12.5168829       1230.38757       93.0487671    
   12.5309153       1231.76697       92.2906494    
   12.5449476       1233.14624       91.5305176    
   12.5589800       1234.52563       90.7684937    
   12.5730124       1235.90503       90.0045166    
   12.5870447       1237.28430       89.2386475    
   12.6010771       1238.66370       88.4708252    
   12.6151094       1240.04309       87.7009888    
   12.6291418       1241.42236       86.9293213    
   12.6431742       1242.80176       86.1557617    
   12.6572065       1244.18115       85.3801270    
   12.6712389       1245.56055       84.6026001    
   12.6852713       1246.93982       83.8233032    
   12.6993036       1248.31921       83.0419312    
   12.7133360       1249.69861       82.2586670    
   12.7273684       1251.07788       81.4733887    
   12.7414007       1252.45728       80.6862793    
   12.7554331       1253.83667       79.8971558    
   12.7694654       1255.21594       79.1061401    
   12.7834978       1256.59534       78.3132324    
   12.7975302       1257.97473       77.5183716    
   12.8115625       1259.35400       76.7215576    
   12.8255949       1260.73340       75.9227905    
   12.8396273       1262.11279       75.1220703    
   12.8536596       1263.49219       74.3195190    
   12.8676920       1264.87146       73.5150146    
   12.8817244       1266.25085       72.7084961    
   12.8957567       1267.63025       71.9001465    
   12.9097891       1269.00952       71.0898438    
   12.9238214       1270.38892       70.2775269    
   12.9378538       1271.76831       69.4633789    
   12.9518862       1273.14758       68.6472168    
   12.9659185       1274.52698       67.8292236    
   12.9799509       1275.90637       67.0092163    
   12.9939833       1277.28564       66.1873169    
   13.0080156       1278.66504       65.3634644    
   13.0220480       1280.04443       64.5377197    
   13.0360804       1281.42371       63.7099609    
   13.0501127       1282.80310       62.8803101    
   13.0641451       1284.18250       62.0487061    
   13.0781775       1285.56189       61.2152100    
   13.0922098       1286.94116       60.3797607    
   13.1062422       1288.32056       59.5423584    
   13.1202745       1289.69995       58.7031250    
   13.1343069       1291.07922       57.8618774    
   13.1483393       1292.45862       57.0186768    
   13.1623716       1293.83801       56.1735840    
   13.1764040       1295.21729       55.3266602    
   13.1904364       1296.59668       54.4776611    
   13.2044687       1297.97607       53.6267090    
   13.2185011       1299.35535       52.7738647    
   13.2325335       1300.73474       51.9191284    
   13.2465658       1302.11414       51.0624390    
   13.2605982       1303.49353       50.2038574    
   13.2746305       1304.87280       49.3432617    
   13.2886629       1306.25220       48.4808350    
   13.3026953       1307.63159       47.6163940    
   13.3167276       1309.01086       46.7500610    
   13.3307600       1310.39026       45.8817139    
   13.3447924       1311.76965       45.0115967    
   13.3588247       1313.14893       44.1394653    
   13.3728571       1314.52832       43.2653198    
   13.3868895       1315.90771       42.3892822    
   13.4009218       1317.28699       41.5114746    
   13.4149542       1318.66638       40.6315308    
   13.4289865       1320.04578       39.7497559    
   13.4430189       1321.42505       38.8660278    
   13.4570513       1322.80444       37.9804077    
   13.4710836       1324.18384       37.0927734    
   13.4851160       1325.56323       36.2031860    
   13.4991484       1326.94250       35.3117676    
   13.5131807       1328.32190       34.4184570    
   13.5272131       1329.70129       33.5230713    
   13.5412455       1331.08057       32.6257935    
   13.5552778       1332.45996       31.7266235    
   13.5693102       1333.83936       30.8255615    
   13.5833426       1335.21863       29.9224243    
   13.5973749       1336.59802       29.0174561    
   13.6114073       1337.97742       28.1106567    
   13.6254396       1339.35669       27.2017822    
   13.6394720       1340.73608       26.2909546    
   13.6535044       1342.11548       25.3782349    
   13.6675367       1343.49487       24.4636230    
   13.6815691       1344.87415       23.5470581    
   13.6956015       1346.25354       22.6285400    
   13.7096338       1347.63293       21.7081299    
   13.7236662       1349.01221       20.7857666    
   13.7376986       1350.39160       19.8614502    
   13.7517309       1351.77100       18.9351807    
   13.7657633       1353.15027       18.0070190    
   13.7797956       1354.52966       17.0770264    
   13.7938280       1355.90906       16.1450195    
   13.8078604       1357.28833       15.2109985    
   13.8218927       1358.66772       14.2750854    
   13.8359251       1360.04712       13.3372803    
   13.8499575       1361.42639       12.3975830    
   13.8639898       1362.80579       11.4558105    
   13.8780222       1364.18518       10.5122070    
   13.8920546       1365.56458       9.56671143    
   13.9060869       1366.94385       8.61926270    
   13.9201193       1368.32324       7.66986084    
   13.9341516       1369.70264       6.71844482    
   13.9481840       1371.08191       5.76525879    
   13.9622164       1372.46130       4.81005859    
   13.9762487       1373.84070       3.85290527    
   13.9902811       1375.21997       2.89385986    
   14.0043135       1376.59937       1.93286133    
   14.0183458       1377.97876      0.969909668    
   14.0323782       1379.35803       5.00488281E-03
