   0.00000000       0.00000000       0.00000000    
   1.34104965E-02  0.321066082      0.881240010    
   2.68209931E-02  0.642132163       1.76071584    
   4.02314886E-02  0.963198245       2.63842750    
   5.36419861E-02   1.28426433       3.51437473    
   6.70524836E-02   1.60533047       4.38855791    
   8.04629773E-02   1.92639649       5.26097679    
   9.38734710E-02   2.24746251       6.13163137    
  0.107283965       2.56852865       7.00052118    
  0.120694458       2.88959455       7.86764717    
  0.134104952       3.21066070       8.73300934    
  0.147515446       3.53172660       9.59660625    
  0.160925940       3.85279274       10.4584398    
  0.174336433       4.17385864       11.3185091    
  0.187746927       4.49492455       12.1768131    
  0.201157421       4.81599092       13.0333529    
  0.214567915       5.13705683       13.8881292    
  0.227978408       5.45812273       14.7411413    
  0.241388902       5.77918863       15.5923891    
  0.254799396       6.10025501       16.4418736    
  0.268209904       6.42132139       17.2895947    
  0.281620413       6.74238777       18.1355495    
  0.295030922       7.06345415       18.9797421    
  0.308441430       7.38452053       19.8221684    
  0.321851939       7.70558691       20.6628323    
  0.335262448       8.02665329       21.5017300    
  0.348672956       8.34771919       22.3388653    
  0.362083465       8.66878605       23.1742363    
  0.375493973       8.98985195       24.0078430    
  0.388904482       9.31091881       24.8396835    
  0.402314991       9.63198471       25.6697617    
  0.415725499       9.95305157       26.4980755    
  0.429136008       10.2741175       27.3246250    
  0.442546517       10.5951843       28.1494083    
  0.455957025       10.9162502       28.9724312    
  0.469367534       11.2373171       29.7936859    
  0.482778043       11.5583830       30.6131802    
  0.496188551       11.8794498       31.4309082    
  0.509599030       12.2005157       32.2468681    
  0.523009539       12.5215816       33.0610695    
  0.536420047       12.8426485       33.8735046    
  0.549830556       13.1637144       34.6841736    
  0.563241065       13.4847813       35.4930801    
  0.576651573       13.8058472       36.3002205    
  0.590062082       14.1269140       37.1056023    
  0.603472590       14.4479799       37.9092140    
  0.616883099       14.7690468       38.7110634    
  0.630293608       15.0901127       39.5111504    
  0.643704116       15.4111795       40.3094749    
  0.657114625       15.7322454       41.1060295    
  0.670525134       16.0533123       41.9008217    
  0.683935642       16.3743782       42.6938477    
  0.697346151       16.6954441       43.4851151    
  0.710756660       17.0165119       44.2746162    
  0.724167168       17.3375778       45.0623512    
  0.737577677       17.6586437       45.8483200    
  0.750988185       17.9797096       46.6325302    
  0.764398694       18.3007774       47.4149742    
  0.777809203       18.6218433       48.1956520    
  0.791219711       18.9429092       48.9745636    
  0.804630220       19.2639751       49.7517166    
  0.818040729       19.5850430       50.5271034    
  0.831451237       19.9061089       51.3007240    
  0.844861746       20.2271748       52.0725784    
  0.858272254       20.5482407       52.8426743    
  0.871682763       20.8693085       53.6110039    
  0.885093272       21.1903744       54.3775673    
  0.898503780       21.5114403       55.1423683    
  0.911914289       21.8325062       55.9054070    
  0.925324798       22.1535740       56.6666794    
  0.938735306       22.4746399       57.4261856    
  0.952145815       22.7957058       58.1839294    
  0.965556324       23.1167717       58.9399109    
  0.978966832       23.4378395       59.6941223    
  0.992377341       23.7589054       60.4465790    
   1.00578785       24.0799713       61.1972580    
   1.01919830       24.4010372       61.9461784    
   1.03260875       24.7221012       62.6933327    
   1.04601920       25.0431671       63.4387283    
   1.05942965       25.3642311       64.1823578    
   1.07284009       25.6852970       64.9242172    
   1.08625054       26.0063610       65.6643143    
   1.09966099       26.3274269       66.4026489    
   1.11307144       26.6484909       67.1392136    
   1.12648189       26.9695568       67.8740158    
   1.13989234       27.2906208       68.6070557    
   1.15330279       27.6116867       69.3383331    
   1.16671324       27.9327507       70.0678558    
   1.18012369       28.2538166       70.7956009    
   1.19353414       28.5748806       71.5215836    
   1.20694458       28.8959465       72.2458038    
   1.22035503       29.2170105       72.9682541    
   1.23376548       29.5380764       73.6889496    
   1.24717593       29.8591404       74.4078751    
   1.26058638       30.1802063       75.1250381    
   1.27399683       30.5012703       75.8404312    
   1.28740728       30.8223362       76.5540771    
   1.30081773       31.1434002       77.2659454    
   1.31422818       31.4644661       77.9760513    
   1.32763863       31.7855301       78.6843872    
   1.34104908       32.1065941       79.3909683    
   1.35445952       32.4276619       80.0957794    
   1.36786997       32.7487259       80.7988281    
   1.38128042       33.0697899       81.5001144    
   1.39469087       33.3908539       82.1996307    
   1.40810132       33.7119217       82.8973846    
   1.42151177       34.0329857       83.5933838    
   1.43492222       34.3540497       84.2876129    
   1.44833267       34.6751137       84.9800720    
   1.46174312       34.9961815       85.6707764    
   1.47515357       35.3172455       86.3597107    
   1.48856401       35.6383095       87.0468750    
   1.50197446       35.9593735       87.7322845    
   1.51538491       36.2804413       88.4159241    
   1.52879536       36.6015053       89.0978012    
   1.54220581       36.9225693       89.7779236    
   1.55561626       37.2436333       90.4562683    
   1.56902671       37.5647011       91.1328583    
   1.58243716       37.8857651       91.8076782    
   1.59584761       38.2068291       92.4807358    
   1.60925806       38.5278931       93.1520233    
   1.62266850       38.8489609       93.8215561    
   1.63607895       39.1700249       94.4893188    
   1.64948940       39.4910889       95.1553192    
   1.66289985       39.8121529       95.8195572    
   1.67631030       40.1332207       96.4820328    
   1.68972075       40.4542847       97.1427383    
   1.70313120       40.7753487       97.8016815    
   1.71654165       41.0964127       98.4588547    
   1.72995210       41.4174805       99.1142731    
   1.74336255       41.7385445       99.7679214    
   1.75677299       42.0596085       100.419807    
   1.77018344       42.3806725       101.069923    
   1.78359389       42.7017403       101.718292    
   1.79700434       43.0228043       102.364883    
   1.81041479       43.3438683       103.009712    
   1.82382524       43.6649323       103.652779    
   1.83723569       43.9860001       104.294075    
   1.85064614       44.3070641       104.933609    
   1.86405659       44.6281281       105.571381    
   1.87746704       44.9491920       106.207390    
   1.89087749       45.2702599       106.841637    
   1.90428793       45.5913239       107.474121    
   1.91769838       45.9123878       108.104836    
   1.93110883       46.2334518       108.733788    
   1.94451928       46.5545197       109.360970    
   1.95792973       46.8755836       109.986389    
   1.97134018       47.1966476       110.610062    
   1.98475063       47.5177116       111.231949    
   1.99816108       47.8387794       111.852081    
   2.01157165       48.1598473       112.470451    
   2.02498221       48.4809151       113.087059    
   2.03839278       48.8019829       113.701904    
   2.05180335       49.1230507       114.314980    
   2.06521392       49.4441185       114.926292    
   2.07862449       49.7651863       115.535843    
   2.09203506       50.0862541       116.143623    
   2.10544562       50.4073219       116.749649    
   2.11885619       50.7283897       117.353897    
   2.13226676       51.0494576       117.956390    
   2.14567733       51.3705254       118.557121    
   2.15908790       51.6915932       119.156082    
   2.17249846       52.0126610       119.753296    
   2.18590903       52.3337288       120.348732    
   2.19931960       52.6547966       120.942406    
   2.21273017       52.9758644       121.534309    
   2.22614074       53.2969322       122.124451    
   2.23955131       53.6180000       122.712830    
   2.25296187       53.9390678       123.299446    
   2.26637244       54.2601357       123.884293    
   2.27978301       54.5812035       124.467377    
   2.29319358       54.9022713       125.048698    
   2.30660415       55.2233391       125.628258    
   2.32001472       55.5444069       126.206047    
   2.33342528       55.8654747       126.782074    
   2.34683585       56.1865425       127.356339    
   2.36024642       56.5076103       127.928856    
   2.37365699       56.8286781       128.499588    
   2.38706756       57.1497459       129.068558    
   2.40047812       57.4708138       129.635773    
   2.41388869       57.7918816       130.201202    
   2.42729926       58.1129494       130.764893    
   2.44070983       58.4340172       131.326797    
   2.45412040       58.7550850       131.886948    
   2.46753097       59.0761528       132.445343    
   2.48094153       59.3972206       133.001953    
   2.49435210       59.7182884       133.556808    
   2.50776267       60.0393562       134.109909    
   2.52117324       60.3604240       134.661240    
   2.53458381       60.6814919       135.210800    
   2.54799438       61.0025597       135.758606    
   2.56140494       61.3236275       136.304657    
   2.57481551       61.6446953       136.848923    
   2.58822608       61.9657631       137.391434    
   2.60163665       62.2868309       137.932175    
   2.61504722       62.6078987       138.471146    
   2.62845778       62.9289665       139.008362    
   2.64186835       63.2500343       139.543808    
   2.65527892       63.5711021       140.077499    
   2.66868949       63.8921700       140.609421    
   2.68210006       64.2132339       141.139572    
   2.69551063       64.5343018       141.667969    
   2.70892119       64.8553696       142.194595    
   2.72233176       65.1764374       142.719467    
   2.73574233       65.4975052       143.242554    
   2.74915290       65.8185730       143.763916    
   2.76256347       66.1396408       144.283478    
   2.77597404       66.4607086       144.801300    
   2.78938460       66.7817764       145.317337    
   2.80279517       67.1028442       145.831619    
   2.81620574       67.4239120       146.344131    
   2.82961631       67.7449799       146.854889    
   2.84302688       68.0660477       147.363861    
   2.85643744       68.3871155       147.871094    
   2.86984801       68.7081833       148.376541    
   2.88325858       69.0292511       148.880234    
   2.89666915       69.3503189       149.382172    
   2.91007972       69.6713867       149.882324    
   2.92349029       69.9924545       150.380737    
   2.93690085       70.3135223       150.877365    
   2.95031142       70.6345901       151.372253    
   2.96372199       70.9556580       151.865356    
   2.97713256       71.2767258       152.356705    
   2.99054313       71.5977936       152.846283    
   3.00395370       71.9188614       153.334106    
   3.01736426       72.2399292       153.820145    
   3.03077483       72.5609970       154.304443    
   3.04418540       72.8820648       154.786957    
   3.05759597       73.2031326       155.267715    
   3.07100654       73.5242004       155.746704    
   3.08441710       73.8452682       156.223938    
   3.09782767       74.1663361       156.699402    
   3.11123824       74.4874039       157.173096    
   3.12464881       74.8084717       157.645035    
   3.13805938       75.1295395       158.115234    
   3.15146995       75.4506073       158.583633    
   3.16488051       75.7716751       159.050278    
   3.17829108       76.0927429       159.515167    
   3.19170165       76.4138107       159.978271    
   3.20511222       76.7348785       160.439621    
   3.21852279       77.0559464       160.899216    
   3.23193336       77.3770142       161.357025    
   3.24534392       77.6980820       161.813095    
   3.25875449       78.0191498       162.267380    
   3.27216506       78.3402176       162.719910    
   3.28557563       78.6612854       163.170685    
   3.29898620       78.9823532       163.619675    
   3.31239676       79.3034210       164.066925    
   3.32580733       79.6244888       164.512390    
   3.33921790       79.9455566       164.956116    
   3.35262847       80.2666245       165.398056    
   3.36603904       80.5876923       165.838242    
   3.37944961       80.9087601       166.276657    
   3.39286017       81.2298279       166.713303    
   3.40627074       81.5508957       167.148193    
   3.41968131       81.8719635       167.581314    
   3.43309188       82.1930313       168.012680    
   3.44650245       82.5140991       168.442261    
   3.45991302       82.8351669       168.870102    
   3.47332358       83.1562347       169.296173    
   3.48673415       83.4773026       169.720459    
   3.50014472       83.7983704       170.143005    
   3.51355529       84.1194382       170.563782    
   3.52696586       84.4405060       170.982788    
   3.54037642       84.7615738       171.400040    
   3.55378699       85.0826416       171.815521    
   3.56719756       85.4037094       172.229233    
   3.58060813       85.7247772       172.641190    
   3.59401870       86.0458450       173.051376    
   3.60742927       86.3669128       173.459793    
   3.62083983       86.6879807       173.866455    
   3.63425040       87.0090485       174.271362    
   3.64766097       87.3301163       174.674484    
   3.66107154       87.6511841       175.075836    
   3.67448211       87.9722519       175.475449    
   3.68789268       88.2933197       175.873291    
   3.70130324       88.6143875       176.269348    
   3.71471381       88.9354553       176.663666    
   3.72812438       89.2565231       177.056229    
   3.74153495       89.5775909       177.447021    
   3.75494552       89.8986588       177.836029    
   3.76835608       90.2197266       178.223282    
   3.78176665       90.5407944       178.608765    
   3.79517722       90.8618622       178.992493    
   3.80858779       91.1829300       179.374451    
   3.82199836       91.5039978       179.754639    
   3.83540893       91.8250656       180.133072    
   3.84881949       92.1461334       180.509735    
   3.86223006       92.4672012       180.884644    
   3.87564063       92.7882690       181.257782    
   3.88905120       93.1093369       181.629150    
   3.90246177       93.4304047       181.998749    
   3.91587234       93.7514725       182.366623    
   3.92928290       94.0725403       182.732697    
   3.94269347       94.3936081       183.097015    
   3.95610404       94.7146759       183.459564    
   3.96951461       95.0357437       183.820358    
   3.98292518       95.3568115       184.179367    
   3.99633574       95.6778793       184.536652    
   4.00974607       95.9989471       184.892120    
   4.02315664       96.3200150       185.245880    
   4.03656721       96.6410828       185.597839    
   4.04997778       96.9621506       185.948044    
   4.06338835       97.2832184       186.296463    
   4.07679892       97.6042862       186.643158    
   4.09020948       97.9253540       186.988037    
   4.10362005       98.2464218       187.331207    
   4.11703062       98.5674896       187.672577    
   4.13044119       98.8885574       188.012207    
   4.14385176       99.2096252       188.350052    
   4.15726233       99.5306931       188.686157    
   4.17067289       99.8517609       189.020462    
   4.18408346       100.172829       189.353027    
   4.19749403       100.493896       189.683807    
   4.21090460       100.814964       190.012848    
   4.22431517       101.136032       190.340149    
   4.23772573       101.457100       190.665634    
   4.25113630       101.778168       190.989380    
   4.26454687       102.099236       191.311340    
   4.27795744       102.420303       191.631561    
   4.29136801       102.741371       191.949997    
   4.30477858       103.062439       192.266693    
   4.31818914       103.383507       192.581604    
   4.33159971       103.704575       192.894760    
   4.34501028       104.025642       193.206146    
   4.35842085       104.346710       193.515778    
   4.37183142       104.667778       193.823624    
   4.38524199       104.988846       194.129730    
   4.39865255       105.309914       194.434052    
   4.41206312       105.630981       194.736633    
   4.42547369       105.952049       195.037445    
   4.43888426       106.273117       195.336472    
   4.45229483       106.594185       195.633759    
   4.46570539       106.915253       195.929260    
   4.47911596       107.236320       196.223022    
   4.49252653       107.557388       196.514984    
   4.50593710       107.878456       196.805222    
   4.51934767       108.199524       197.093658    
   4.53275824       108.520592       197.380371    
   4.54616880       108.841660       197.665268    
   4.55957937       109.162727       197.948441    
   4.57298994       109.483795       198.229828    
   4.58640051       109.804863       198.509460    
   4.59981108       110.125931       198.787323    
   4.61322165       110.446999       199.063446    
   4.62663221       110.768066       199.337799    
   4.64004278       111.089134       199.610352    
   4.65345335       111.410202       199.881180    
   4.66686392       111.731270       200.150208    
   4.68027449       112.052338       200.417511    
   4.69368505       112.373405       200.683014    
   4.70709562       112.694473       200.946777    
   4.72050619       113.015541       201.208755    
   4.73391676       113.336609       201.468994    
   4.74732733       113.657677       201.727448    
   4.76073790       113.978745       201.984161    
   4.77414846       114.299812       202.239075    
   4.78755903       114.620880       202.492249    
   4.80096960       114.941948       202.743683    
   4.81438017       115.263016       202.993286    
   4.82779074       115.584084       203.241180    
   4.84120131       115.905151       203.487274    
   4.85461187       116.226219       203.731644    
   4.86802244       116.547287       203.974213    
   4.88143301       116.868355       204.215042    
   4.89484358       117.189423       204.454071    
   4.90825415       117.510490       204.691376    
   4.92166471       117.831558       204.926895    
   4.93507528       118.152626       205.160675    
   4.94848585       118.473694       205.392654    
   4.96189642       118.794762       205.622894    
   4.97530699       119.115829       205.851349    
   4.98871756       119.436897       206.078079    
   5.00212812       119.757965       206.303024    
   5.01553869       120.079033       206.526184    
   5.02894926       120.400101       206.747620    
   5.04235983       120.721169       206.967255    
   5.05577040       121.042236       207.185150    
   5.06918097       121.363304       207.401245    
   5.08259153       121.684372       207.615616    
   5.09600210       122.005440       207.828186    
   5.10941267       122.326508       208.039032    
   5.12282324       122.647575       208.248077    
   5.13623381       122.968643       208.455383    
   5.14964437       123.289711       208.660904    
   5.16305494       123.610779       208.864685    
   5.17646551       123.931847       209.066681    
   5.18987608       124.252914       209.266937    
   5.20328665       124.573982       209.465424    
   5.21669722       124.895050       209.662125    
   5.23010778       125.216118       209.857086    
   5.24351835       125.537186       210.050262    
   5.25692892       125.858253       210.241684    
   5.27033949       126.179321       210.431320    
   5.28375006       126.500389       210.619232    
   5.29716063       126.821457       210.805344    
   5.31057119       127.142525       210.989716    
   5.32398176       127.463593       211.172302    
   5.33739233       127.784660       211.353149    
   5.35080290       128.105728       211.532196    
   5.36421347       128.426788       211.709518    
   5.37762403       128.747864       211.885040    
   5.39103460       129.068924       212.058838    
   5.40444517       129.389999       212.230865    
   5.41785574       129.711060       212.401093    
   5.43126631       130.032135       212.569595    
   5.44467688       130.353195       212.736298    
   5.45808744       130.674271       212.901276    
   5.47149801       130.995331       213.064453    
   5.48490858       131.316406       213.225876    
   5.49831915       131.637466       213.385529    
   5.51172972       131.958542       213.543442    
   5.52514029       132.279602       213.699554    
   5.53855085       132.600677       213.853958    
   5.55196142       132.921738       214.006531    
   5.56537199       133.242813       214.157394    
   5.57878256       133.563873       214.306488    
   5.59219313       133.884949       214.453781    
   5.60560369       134.206009       214.599350    
   5.61901426       134.527084       214.743118    
   5.63242483       134.848145       214.885147    
   5.64583540       135.169220       215.025391    
   5.65924597       135.490280       215.163895    
   5.67265654       135.811356       215.300613    
   5.68606710       136.132416       215.435577    
   5.69947767       136.453491       215.568756    
   5.71288824       136.774551       215.700211    
   5.72629881       137.095627       215.829880    
   5.73970938       137.416687       215.957794    
   5.75311995       137.737762       216.083908    
   5.76653051       138.058823       216.208313    
   5.77994108       138.379898       216.330933    
   5.79335165       138.700958       216.451767    
   5.80676222       139.022034       216.570862    
   5.82017279       139.343094       216.688156    
   5.83358335       139.664169       216.803741    
   5.84699392       139.985229       216.917511    
   5.86040449       140.306305       217.029556    
   5.87381506       140.627365       217.139801    
   5.88722563       140.948441       217.248322    
   5.90063620       141.269501       217.355026    
   5.91404676       141.590576       217.460022    
   5.92745733       141.911636       217.563217    
   5.94086790       142.232712       217.664673    
   5.95427847       142.553772       217.764328    
   5.96768904       142.874847       217.862259    
   5.98109961       143.195908       217.958420    
   5.99451017       143.516983       218.052795    
   6.00792074       143.838043       218.145432    
   6.02133131       144.159119       218.236267    
   6.03474188       144.480179       218.325363    
   6.04815245       144.801254       218.412689    
   6.06156301       145.122314       218.498260    
   6.07497358       145.443390       218.582047    
   6.08838415       145.764450       218.664108    
   6.10179472       146.085526       218.744354    
   6.11520529       146.406586       218.822861    
   6.12861586       146.727661       218.899597    
   6.14202642       147.048721       218.974594    
   6.15543699       147.369797       219.047791    
   6.16884756       147.690857       219.119247    
   6.18225813       148.011932       219.188965    
   6.19566870       148.332993       219.256851    
   6.20907927       148.654068       219.323029    
   6.22248983       148.975128       219.387405    
   6.23590040       149.296204       219.450043    
   6.24931097       149.617264       219.510895    
   6.26272154       149.938339       219.570023    
   6.27613211       150.259399       219.627319    
   6.28954268       150.580475       219.682922    
   6.30295324       150.901535       219.736710    
   6.31636381       151.222610       219.788773    
   6.32977438       151.543671       219.839020    
   6.34318495       151.864746       219.887543    
   6.35659552       152.185806       219.934280    
   6.37000608       152.506882       219.979294    
   6.38341665       152.827942       220.022522    
   6.39682722       153.149017       220.063965    
   6.41023779       153.470078       220.103668    
   6.42364836       153.791153       220.141571    
   6.43705893       154.112213       220.177765    
   6.45046949       154.433289       220.212158    
   6.46388006       154.754349       220.244797    
   6.47729063       155.075424       220.275635    
   6.49070120       155.396484       220.304764    
   6.50411177       155.717560       220.332092    
   6.51752234       156.038620       220.357697    
   6.53093290       156.359695       220.381500    
   6.54434347       156.680756       220.403564    
   6.55775404       157.001831       220.423843    
   6.57116461       157.322891       220.442368    
   6.58457518       157.643967       220.459137    
   6.59798574       157.965027       220.474106    
   6.61139631       158.286102       220.487366    
   6.62480688       158.607162       220.498810    
   6.63821745       158.928238       220.508530    
   6.65162802       159.249298       220.516434    
   6.66503859       159.570374       220.522614    
   6.67844915       159.891434       220.527008    
   6.69185972       160.212509       220.529663    
   6.70527029       160.533569       220.530533    
   6.71868086       160.854645       220.529678    
   6.73209143       161.175705       220.526993    
   6.74550200       161.496780       220.522598    
   6.75891256       161.817841       220.516434    
   6.77232313       162.138916       220.508469    
   6.78573370       162.459976       220.498795    
   6.79914427       162.781052       220.487289    
   6.81255484       163.102112       220.474075    
   6.82596540       163.423187       220.459061    
   6.83937597       163.744247       220.442307    
   6.85278654       164.065323       220.423782    
   6.86619711       164.386383       220.403503    
   6.87960768       164.707458       220.381409    
   6.89301825       165.028519       220.357605    
   6.90642881       165.349594       220.332016    
   6.91983938       165.670654       220.304672    
   6.93324995       165.991730       220.275558    
   6.94666052       166.312790       220.244690    
   6.96007109       166.633865       220.212067    
   6.97348166       166.954926       220.177628    
   6.98689222       167.276001       220.141479    
   7.00030279       167.597061       220.103531    
   7.01371336       167.918137       220.063828    
   7.02712393       168.239197       220.022369    
   7.04053450       168.560272       219.979141    
   7.05394506       168.881332       219.934143    
   7.06735563       169.202408       219.887390    
   7.08076620       169.523468       219.838867    
   7.09417677       169.844543       219.788605    
   7.10758734       170.165604       219.736526    
   7.12099791       170.486679       219.682739    
   7.13440847       170.807739       219.627136    
   7.14781904       171.128815       219.569809    
   7.16122961       171.449875       219.510712    
   7.17464018       171.770950       219.449844    
   7.18805075       172.092010       219.387222    
   7.20146132       172.413086       219.322800    
   7.21487188       172.734146       219.256653    
   7.22828245       173.055222       219.188721    
   7.24169302       173.376282       219.119019    
   7.25510359       173.697357       219.047546    
   7.26851416       174.018417       218.974335    
   7.28192472       174.339493       218.899353    
   7.29533529       174.660553       218.822632    
   7.30874586       174.981628       218.744080    
   7.32215643       175.302689       218.663818    
   7.33556700       175.623764       218.581787    
   7.34897757       175.944824       218.497955    
   7.36238813       176.265900       218.412415    
   7.37579870       176.586960       218.325073    
   7.38920927       176.908035       218.235992    
   7.40261984       177.229095       218.145111    
   7.41603041       177.550171       218.052490    
   7.42944098       177.871231       217.958069    
   7.44285154       178.192307       217.861938    
   7.45626211       178.513367       217.764008    
   7.46967268       178.834442       217.664337    
   7.48308325       179.155502       217.562866    
   7.49649382       179.476578       217.459686    
   7.50990438       179.797638       217.354706    
   7.52331495       180.118713       217.247955    
   7.53672552       180.439774       217.139465    
   7.55013609       180.760849       217.029175    
   7.56354666       181.081909       216.917175    
   7.57695723       181.402985       216.803345    
   7.59036779       181.724045       216.687805    
   7.60377836       182.045120       216.570465    
   7.61718893       182.366180       216.451385    
   7.63059950       182.687256       216.330505    
   7.64401007       183.008316       216.207916    
   7.65742064       183.329391       216.083527    
   7.67083120       183.650452       215.957367    
   7.68424177       183.971527       215.829437    
   7.69765234       184.292587       215.699768    
   7.71106291       184.613663       215.568329    
   7.72447348       184.934723       215.435120    
   7.73788404       185.255798       215.300171    
   7.75129461       185.576859       215.163422    
   7.76470518       185.897934       215.024963    
   7.77811575       186.218994       214.884674    
   7.79152632       186.540070       214.742645    
   7.80493689       186.861130       214.598877    
   7.81834745       187.182205       214.453278    
   7.83175802       187.503265       214.305969    
   7.84516859       187.824341       214.156921    
   7.85857916       188.145401       214.006073    
   7.87198973       188.466476       213.853394    
   7.88540030       188.787537       213.699036    
   7.89881086       189.108612       213.542938    
   7.91222143       189.429672       213.385040    
   7.92563200       189.750748       213.225372    
   7.93904257       190.071808       213.063904    
   7.95245314       190.392883       212.900696    
   7.96586370       190.713943       212.735779    
   7.97927427       191.035019       212.569061    
   7.99268484       191.356079       212.400513    
   8.00609493       191.677139       212.230316    
   8.01950550       191.998215       212.058258    
   8.03291607       192.319275       211.884491    
   8.04632664       192.640350       211.708954    
   8.05973721       192.961411       211.531647    
   8.07314777       193.282486       211.352539    
   8.08655834       193.603546       211.171722    
   8.09996891       193.924622       210.989105    
   8.11337948       194.245682       210.804749    
   8.12679005       194.566757       210.618652    
   8.14020061       194.887817       210.430725    
   8.15361118       195.208893       210.241058    
   8.16702175       195.529953       210.049652    
   8.18043232       195.851028       209.856476    
   8.19384289       196.172089       209.661469    
   8.20725346       196.493164       209.464752    
   8.22066402       196.814224       209.266296    
   8.23407459       197.135300       209.066040    
   8.24748516       197.456360       208.864014    
   8.26089573       197.777435       208.660217    
   8.27430630       198.098495       208.454742    
   8.28771687       198.419571       208.247437    
   8.30112743       198.740631       208.038330    
   8.31453800       199.061707       207.827515    
   8.32794857       199.382767       207.614899    
   8.34135914       199.703842       207.400574    
   8.35476971       200.024902       207.184448    
   8.36818027       200.345978       206.966522    
   8.38159084       200.667038       206.746857    
   8.39500141       200.988113       206.525452    
   8.40841198       201.309174       206.302307    
   8.42182255       201.630249       206.077332    
   8.43523312       201.951309       205.850616    
   8.44864368       202.272385       205.622162    
   8.46205425       202.593445       205.391937    
   8.47546482       202.914520       205.159882    
   8.48887539       203.235580       204.926147    
   8.50228596       203.556656       204.690613    
   8.51569653       203.877716       204.453308    
   8.52910709       204.198792       204.214294    
   8.54251766       204.519852       203.973419    
   8.55592823       204.840927       203.730835    
   8.56933880       205.161987       203.486481    
   8.58274937       205.483063       203.240387    
   8.59615993       205.804123       202.992462    
   8.60957050       206.125198       202.742828    
   8.62298107       206.446259       202.491425    
   8.63639164       206.767334       202.238281    
   8.64980221       207.088394       201.983307    
   8.66321278       207.409470       201.726624    
   8.67662334       207.730530       201.468170    
   8.69003391       208.051605       201.207916    
   8.70344448       208.372665       200.945892    
   8.71685505       208.693741       200.682159    
   8.73026562       209.014801       200.416626    
   8.74367619       209.335876       200.149353    
   8.75708675       209.656937       199.880310    
   8.77049732       209.978012       199.609467    
   8.78390789       210.299072       199.336884    
   8.79731846       210.620148       199.062531    
   8.81072903       210.941208       198.786469    
   8.82413960       211.262283       198.508545    
   8.83755016       211.583344       198.228912    
   8.85096073       211.904419       197.947510    
   8.86437130       212.225479       197.664368    
   8.87778187       212.546555       197.379395    
   8.89119244       212.867615       197.092682    
   8.90460300       213.188690       196.804260    
   8.91801357       213.509750       196.514038    
   8.93142414       213.830826       196.222076    
   8.94483471       214.151886       195.928284    
   8.95824528       214.472961       195.632782    
   8.97165585       214.794022       195.335510    
   8.98506641       215.115097       195.036499    
   8.99847698       215.436157       194.735626    
   9.01188755       215.757233       194.433044    
   9.02529812       216.078293       194.128723    
   9.03870869       216.399368       193.822632    
   9.05211926       216.720428       193.514740    
   9.06552982       217.041504       193.205139    
   9.07894039       217.362564       192.893738    
   9.09235096       217.683640       192.580597    
   9.10576153       218.004700       192.265686    
   9.11917210       218.325775       191.948944    
   9.13258266       218.646835       191.630493    
   9.14599323       218.967911       191.310303    
   9.15940380       219.288971       190.988342    
   9.17281437       219.610046       190.664551    
   9.18622494       219.931107       190.339081    
   9.19963551       220.252182       190.011810    
   9.21304607       220.573242       189.682770    
   9.22645664       220.894318       189.351929    
   9.23986721       221.215378       189.019379    
   9.25327778       221.536453       188.685089    
   9.26668835       221.857513       188.348969    
   9.28009892       222.178589       188.011047    
   9.29350948       222.499649       187.671478    
   9.30692005       222.820724       187.330109    
   9.32033062       223.141785       186.986969    
   9.33374119       223.462860       186.642059    
   9.34715176       223.783920       186.295319    
   9.36056232       224.104996       185.946899    
   9.37397289       224.426056       185.596680    
   9.38738346       224.747131       185.244720    
   9.40079403       225.068192       184.890930    
   9.41420460       225.389267       184.535461    
   9.42761517       225.710327       184.178223    
   9.44102573       226.031403       183.819214    
   9.45443630       226.352463       183.458344    
   9.46784687       226.673538       183.095825    
   9.48125744       226.994598       182.731506    
   9.49466801       227.315674       182.365417    
   9.50807858       227.636734       181.997589    
   9.52148914       227.957809       181.627930    
   9.53489971       228.278870       181.256561    
   9.54831028       228.599945       180.883453    
   9.56172085       228.921005       180.508545    
   9.57513142       229.242081       180.131805    
   9.58854198       229.563141       179.753387    
   9.60195255       229.884216       179.373199    
   9.61536312       230.205276       178.991241    
   9.62877369       230.526352       178.607483    
   9.64218426       230.847412       178.221985    
   9.65559483       231.168488       177.834747    
   9.66900539       231.489548       177.445770    
   9.68241596       231.810623       177.054932    
   9.69582653       232.131683       176.662384    
   9.70923710       232.452759       176.268066    
   9.72264767       232.773819       175.872009    
   9.73605824       233.094894       175.474152    
   9.74946880       233.415955       175.074524    
   9.76287937       233.737030       174.673157    
   9.77628994       234.058090       174.270050    
   9.78970051       234.379166       173.865173    
   9.80311108       234.700226       173.458435    
   9.81652164       235.021301       173.050018    
   9.82993221       235.342361       172.639832    
   9.84334278       235.663437       172.227905    
   9.85675335       235.984497       171.814148    
   9.87016392       236.305573       171.398651    
   9.88357449       236.626633       170.981415    
   9.89698505       236.947708       170.562439    
   9.91039562       237.268768       170.141663    
   9.92380619       237.589844       169.719086    
   9.93721676       237.910904       169.294769    
   9.95062733       238.231979       168.868713    
   9.96403790       238.553040       168.440887    
   9.97744846       238.874115       168.011261    
   9.99085903       239.195175       167.579895    
   10.0042696       239.516251       167.146759    
   10.0176802       239.837311       166.711914    
   10.0310907       240.158386       166.275208    
   10.0445013       240.479446       165.836792    
   10.0579119       240.800522       165.396606    
   10.0713224       241.121582       164.954681    
   10.0847330       241.442657       164.510956    
   10.0981436       241.763718       164.065460    
   10.1115541       242.084793       163.618195    
   10.1249647       242.405853       163.169250    
   10.1383753       242.726929       162.718475    
   10.1517859       243.047989       162.265900    
   10.1651964       243.369064       161.811615    
   10.1786070       243.690125       161.355530    
   10.1920176       244.011200       160.897736    
   10.2054281       244.332260       160.438080    
   10.2188387       244.653336       159.976746    
   10.2322493       244.974396       159.513672    
   10.2456598       245.295471       159.048767    
   10.2590704       245.616531       158.582031    
   10.2724810       245.937607       158.113647    
   10.2858915       246.258667       157.643494    
   10.2993021       246.579742       157.171570    
   10.3127127       246.900803       156.697876    
   10.3261232       247.221878       156.222351    
   10.3395338       247.542938       155.745117    
   10.3529444       247.864014       155.266174    
   10.3663549       248.185074       154.785400    
   10.3797655       248.506149       154.302856    
   10.3931761       248.827209       153.818542    
   10.4065866       249.148285       153.332520    
   10.4199972       249.469345       152.844727    
   10.4334078       249.790421       152.355103    
   10.4468184       250.111481       151.863708    
   10.4602289       250.432556       151.370605    
   10.4736395       250.753616       150.875793    
   10.4870501       251.074692       150.379150    
   10.5004606       251.395752       149.880676    
   10.5138712       251.716827       149.380493    
   10.5272818       252.037888       148.878601    
   10.5406923       252.358963       148.374939    
   10.5541029       252.680023       147.869385    
   10.5675135       253.001099       147.362183    
   10.5809240       253.322159       146.853210    
   10.5943346       253.643234       146.342468    
   10.6077452       253.964294       145.829895    
   10.6211557       254.285370       145.315613    
   10.6345663       254.606430       144.799622    
   10.6479769       254.927505       144.281799    
   10.6613874       255.248566       143.762207    
   10.6747980       255.569641       143.240845    
   10.6882086       255.890701       142.717773    
   10.7016191       256.211761       142.192932    
   10.7150297       256.532837       141.666260    
   10.7284403       256.853912       141.137817    
   10.7418509       257.174988       140.607666    
   10.7552614       257.496033       140.075745    
   10.7686720       257.817108       139.542114    
   10.7820826       258.138184       139.006592    
   10.7954931       258.459259       138.469360    
   10.8089037       258.780304       137.930420    
   10.8223143       259.101379       137.389709    
   10.8357248       259.422455       136.847107    
   10.8491354       259.743530       136.302856    
   10.8625460       260.064575       135.756836    
   10.8759565       260.385651       135.209045    
   10.8893671       260.706726       134.659485    
   10.9027777       261.027802       134.108093    
   10.9161882       261.348846       133.554993    
   10.9295988       261.669922       133.000122    
   10.9430094       261.990997       132.443542    
   10.9564199       262.312073       131.885132    
   10.9698305       262.633118       131.324951    
   10.9832411       262.954193       130.763062    
   10.9966516       263.275269       130.199402    
   11.0100622       263.596344       129.633850    
   11.0234728       263.917389       129.066711    
   11.0368834       264.238464       128.497681    
   11.0502939       264.559540       127.927002    
   11.0637045       264.880615       127.354492    
   11.0771151       265.201660       126.780212    
   11.0905256       265.522736       126.204163    
   11.1039362       265.843811       125.626343    
   11.1173468       266.164886       125.046814    
   11.1307573       266.485931       124.465454    
   11.1441679       266.807007       123.882385    
   11.1575785       267.128082       123.297546    
   11.1709890       267.449158       122.710938    
   11.1843996       267.770203       122.122498    
   11.1978102       268.091278       121.532349    
   11.2112207       268.412354       120.940491    
   11.2246313       268.733429       120.346802    
   11.2380419       269.054474       119.751282    
   11.2514524       269.375549       119.154114    
   11.2648630       269.696625       118.555176    
   11.2782736       270.017700       117.954468    
   11.2916842       270.338745       117.351990    
   11.3050947       270.659821       116.747620    
   11.3185053       270.980896       116.141602    
   11.3319159       271.301971       115.533813    
   11.3453264       271.623016       114.924316    
   11.3587370       271.944092       114.312988    
   11.3721476       272.265167       113.699829    
   11.3855581       272.586243       113.085022    
   11.3989687       272.907288       112.468445    
   11.4123793       273.228363       111.850037    
   11.4257898       273.549438       111.229858    
   11.4392004       273.870514       110.608032    
   11.4526110       274.191559       109.984375    
   11.4660215       274.512634       109.358948    
   11.4794321       274.833710       108.731689    
   11.4928427       275.154785       108.102722    
   11.5062532       275.475830       107.472046    
   11.5196638       275.796906       106.839539    
   11.5330744       276.117981       106.205200    
   11.5464849       276.439056       105.569214    
   11.5598955       276.760101       104.931519    
   11.5733061       277.081177       104.291992    
   11.5867167       277.402252       103.650574    
   11.6001272       277.723328       103.007507    
   11.6135378       278.044373       102.362671    
   11.6269484       278.365448       101.716064    
   11.6403589       278.686523       101.067749    
   11.6537695       279.007599       100.417542    
   11.6671801       279.328644       99.7656860    
   11.6805906       279.649719       99.1119995    
   11.6940012       279.970795       98.4566040    
   11.7074118       280.291870       97.7993774    
   11.7208223       280.612915       97.1404419    
   11.7342329       280.933990       96.4797363    
   11.7476435       281.255066       95.8172607    
   11.7610540       281.576141       95.1530151    
   11.7744646       281.897186       94.4869995    
   11.7878752       282.218262       93.8192139    
   11.8012857       282.539337       93.1497192    
   11.8146963       282.860413       92.4783325    
   11.8281069       283.181458       91.8052368    
   11.8415174       283.502533       91.1304321    
   11.8549280       283.823608       90.4538574    
   11.8683386       284.144684       89.7755127    
   11.8817492       284.465729       89.0953369    
   11.8951597       284.786804       88.4134521    
   11.9085703       285.107880       87.7298584    
   11.9219809       285.428955       87.0444336    
   11.9353914       285.750000       86.3571777    
   11.9488020       286.071075       85.6682739    
   11.9622126       286.392151       84.9776001    
   11.9756231       286.713226       84.2851562    
   11.9890337       287.034271       83.5908203    
   12.0024443       287.355347       82.8948364    
   12.0158548       287.676422       82.1970825    
   12.0292654       287.997498       81.4974976    
   12.0426760       288.318542       80.7962646    
   12.0560865       288.639618       80.0931396    
   12.0694971       288.960693       79.3883667    
   12.0829077       289.281769       78.6817627    
   12.0963182       289.602814       77.9734497    
   12.1097288       289.923889       77.2632446    
   12.1231394       290.244965       76.5513916    
   12.1365499       290.566040       75.8378296    
   12.1499605       290.887085       75.1223755    
   12.1633711       291.208160       74.4050903    
   12.1767817       291.529236       73.6862183    
   12.1901922       291.850311       72.9655151    
   12.2036028       292.171356       72.2431030    
   12.2170134       292.492432       71.5187988    
   12.2304239       292.813507       70.7928467    
   12.2438345       293.134583       70.0650635    
   12.2572451       293.455627       69.3355713    
   12.2706556       293.776703       68.6043091    
   12.2840662       294.097778       67.8711548    
   12.2974768       294.418854       67.1363525    
   12.3108873       294.739899       66.3997803    
   12.3242979       295.060974       65.6614380    
   12.3377085       295.382050       64.9212646    
   12.3511190       295.703125       64.1794434    
   12.3645296       296.024170       63.4358521    
   12.3779402       296.345245       62.6904297    
   12.3913507       296.666321       61.9431763    
   12.4047613       296.987396       61.1943359    
   12.4181719       297.308441       60.4436035    
   12.4315825       297.629517       59.6912231    
   12.4449930       297.950592       58.9369507    
   12.4584036       298.271667       58.1809082    
   12.4718142       298.592712       57.4232178    
   12.4852247       298.913788       56.6636963    
   12.4986353       299.234863       55.9024048    
   12.5120459       299.555939       55.1393433    
   12.5254564       299.876984       54.3745728    
   12.5388670       300.198059       53.6079102    
   12.5522776       300.519135       52.8395996    
   12.5656881       300.840210       52.0695190    
   12.5790987       301.161255       51.2976685    
   12.5925093       301.482330       50.5239868    
   12.6059198       301.803406       49.7486572    
   12.6193304       302.124481       48.9714966    
   12.6327410       302.445526       48.1925049    
   12.6461515       302.766602       47.4118042    
   12.6595621       303.087677       46.6293945    
   12.6729727       303.408752       45.8452148    
   12.6863832       303.729797       45.0591431    
   12.6997938       304.050873       44.2714233    
   12.7132044       304.371948       43.4819336    
   12.7266150       304.693024       42.6907349    
   12.7400255       305.014069       41.8976440    
   12.7534361       305.335144       41.1027832    
   12.7668467       305.656219       40.3062744    
   12.7802572       305.977295       39.5079346    
   12.7936678       306.298340       38.7078247    
   12.8070784       306.619415       37.9059448    
   12.8204889       306.940491       37.1023560    
   12.8338995       307.261566       36.2969971    
   12.8473101       307.582611       35.4898071    
   12.8607206       307.903687       34.6808472    
   12.8741312       308.224762       33.8701782    
   12.8875418       308.545837       33.0577393    
   12.9009523       308.866882       32.2435913    
   12.9143629       309.187958       31.4275513    
   12.9277735       309.509033       30.6098022    
   12.9411840       309.830109       29.7903442    
   12.9545946       310.151154       28.9691162    
   12.9680052       310.472229       28.1459961    
   12.9814157       310.793304       27.3212280    
   12.9948263       311.114380       26.4946899    
   13.0082369       311.435425       25.6663208    
   13.0216475       311.756500       24.8362427    
   13.0350580       312.077576       24.0043945    
   13.0484686       312.398651       23.1707764    
   13.0618792       312.719696       22.3353882    
   13.0752897       313.040771       21.4982910    
   13.0887003       313.361847       20.6593628    
   13.1021109       313.682922       19.8186646    
   13.1155214       314.003967       18.9761963    
   13.1289320       314.325043       18.1320801    
   13.1423426       314.646118       17.2860718    
   13.1557531       314.967194       16.4383545    
   13.1691637       315.288239       15.5888062    
   13.1825743       315.609314       14.7376099    
   13.1959848       315.930389       13.8845825    
   13.2093954       316.251465       13.0297241    
   13.2228060       316.572510       12.1732178    
   13.2362165       316.893585       11.3148804    
   13.2496271       317.214661       10.4548950    
   13.2630377       317.535736       9.59289551    
   13.2764482       317.856781       8.72930908    
   13.2898588       318.177856       7.86401367    
   13.3032694       318.498932       6.99688721    
   13.3166800       318.820007       6.12786865    
   13.3300905       319.141052       5.25726318    
   13.3435011       319.462128       4.38482666    
   13.3569117       319.783203       3.51068115    
   13.3703222       320.104279       2.63464355    
   13.3837328       320.425323       1.75695801    
   13.3971434       320.746399      0.877502441    
