           1  0.216665030    
           2   4.25127745E-02
           3  0.219477534    
           4   3.37336063E-02
           5  0.339561999    
           6  0.185267985    
           7  0.618847311    
           8  0.667427480    
           9  0.197442770    
          10  0.891055882    
          11  0.427701414    
          12  0.794403613    
          13  0.413076997    
          14  0.736191273    
          15  0.534753680    
          16  0.255714357    
          17  0.725446999    
          18  0.740890205    
          19   2.47727633E-02
          20  0.175258517    
          21  0.936959863    
          22  0.948026896    
          23  0.363757312    
          24  0.260498464    
          25  0.659293413    
          26  0.809086323    
          27  0.400092065    
          28  0.960575759    
          29  0.497067511    
          30   2.38845348E-02
          31  0.304949462    
          32  0.942275703    
          33  0.294757128    
          34  0.996551514    
          35  0.689000785    
          36  0.927059889    
          37  0.642545283    
          38  0.981032431    
          39  0.342728853    
          40  0.783772171    
          41   1.34249926E-02
          42  0.390846252    
          43  0.117009282    
          44  0.151918530    
          45   2.51406431E-02
          46  0.575739563    
          47  0.526897609    
          48  0.591514885    
          49  0.941218436    
          50  0.269883096    
          51  0.988192677    
          52  0.274924040    
          53  0.699220955    
          54  0.695198536    
          55  0.551780820    
          56  0.349426210    
          57  0.674197733    
          58  0.106401265    
          59  0.622749865    
          60  0.399858654    
          61  0.746523261    
          62  0.450053334    
          63  0.560051262    
          64  0.647701383    
          65  0.519999623    
          66  0.563079298    
          67   3.25547457E-02
          68  0.122446775    
          69  0.597834826    
          70  0.324078143    
          71  0.636317015    
          72   2.46799588E-02
          73  0.201722801    
          74  0.478180110    
          75  0.276481867    
          76  0.692632914    
          77  0.108960211    
          78  0.625651598    
          79  0.827424407    
          80  0.602769136    
          81   2.85357237E-03
          82   3.84950638E-02
          83  0.105851412    
          84  0.603393555    
          85  0.975323856    
          86  0.222394347    
          87  0.730398118    
          88  0.410946846    
          89   4.57049012E-02
          90  0.459313989    
          91   1.24495625E-02
          92  0.662669659    
          93  0.148165226    
          94  0.433020949    
          95  0.254487276    
          96  0.250457942    
          97  0.906016409    
          98  0.121681392    
          99  0.405046940    
         100   8.98348689E-02
