dirección (grados): velocidad inicial:cuantos puntos?   0.00000000       0.00000000       0.00000000    
   5.05076274E-02   1.25000000       1.23749995    
  0.101015255       2.50000000       2.45000005    
  0.151522875       3.74999976       3.63749981    
  0.202030510       5.00000000       4.80000019    
  0.252538145       6.25000000       5.93750000    
  0.303045779       7.50000048       7.05000019    
  0.353553414       8.75000095       8.13750076    
  0.404061049       10.0000010       9.20000076    
  0.454568684       11.2500010       10.2375011    
  0.505076289       12.5000000       11.2500000    
  0.555583894       13.7500000       12.2375002    
  0.606091499       14.9999990       13.1999989    
  0.656599104       16.2499981       14.1374989    
  0.707106709       17.4999981       15.0499983    
  0.757614315       18.7499981       15.9374990    
  0.808121920       19.9999962       16.7999973    
  0.858629525       21.2499962       17.6374969    
  0.909137130       22.4999962       18.4499969    
  0.959644735       23.7499962       19.2374973    
   1.01015234       24.9999943       19.9999962    
   1.06066000       26.2499962       20.7374973    
   1.11116767       27.4999962       21.4499969    
   1.16167533       28.7499981       22.1374989    
   1.21218300       29.9999981       22.7999992    
   1.26269066       31.2500000       23.4375000    
   1.31319833       32.5000000       24.0499992    
   1.36370599       33.7500000       24.6374989    
   1.41421366       35.0000038       25.2000027    
   1.46472132       36.2500038       25.7375011    
   1.51522899       37.5000038       26.2500000    
   1.56573665       38.7500038       26.7375011    
   1.61624432       40.0000076       27.2000027    
   1.66675198       41.2500076       27.6375027    
   1.71725965       42.5000076       28.0500011    
   1.76776731       43.7500076       28.4375019    
   1.81827497       45.0000114       28.8000031    
   1.86878264       46.2500114       29.1375027    
   1.91929030       47.5000114       29.4500027    
   1.96979797       48.7500114       29.7375011    
   2.02030563       50.0000153       30.0000038    
   2.07081318       51.2500114       30.2375011    
   2.12132072       52.5000076       30.4500008    
   2.17182827       53.7500076       30.6375008    
   2.22233582       55.0000038       30.7999992    
   2.27284336       56.2500038       30.9375019    
   2.32335091       57.5000000       31.0499992    
   2.37385845       58.7500000       31.1375008    
   2.42436600       59.9999962       31.1999969    
   2.47487354       61.2499962       31.2375011    
   2.52538109       62.4999924       31.2499981    
   2.57588863       63.7499924       31.2374992    
   2.62639618       64.9999924       31.2000046    
   2.67690372       66.2499847       31.1374969    
   2.72741127       67.4999847       31.0499992    
   2.77791882       68.7499847       30.9375000    
   2.82842636       69.9999847       30.8000069    
   2.87893391       71.2499771       30.6375008    
   2.92944145       72.4999771       30.4500046    
   2.97994900       73.7499771       30.2375031    
   3.03045654       74.9999695       30.0000000    
   3.08096409       76.2499695       29.7375031    
   3.13147163       77.4999695       29.4500084    
   3.18197918       78.7499695       29.1375122    
   3.23248672       79.9999619       28.8000031    
   3.28299427       81.2499619       28.4375076    
   3.33350182       82.4999619       28.0500145    
   3.38400936       83.7499619       27.6375160    
   3.43451691       84.9999542       27.2000122    
   3.48502445       86.2499542       26.7375145    
   3.53553200       87.4999542       26.2500191    
   3.58603954       88.7499542       25.7375259    
   3.63654709       89.9999466       25.2000198    
   3.68705463       91.2499466       24.6375198    
   3.73756218       92.4999466       24.0500259    
   3.78806973       93.7499390       23.4375229    
   3.83857727       94.9999390       22.8000259    
   3.88908482       96.2499390       22.1375275    
   3.93959236       97.4999390       21.4500351    
   3.99009991       98.7499313       20.7375336    
   4.04060745       99.9999313       20.0000305    
   4.09111500       101.249931       19.2375412    
   4.14162254       102.499931       18.4500427    
   4.19213009       103.749924       17.6375427    
   4.24263763       104.999924       16.8000565    
   4.29314518       106.249924       15.9375534    
   4.34365273       107.499924       15.0500565    
   4.39416027       108.749916       14.1375504    
   4.44466782       109.999916       13.2000656    
   4.49517536       111.249916       12.2375641    
   4.54568291       112.499916       11.2500763    
   4.59619045       113.749908       10.2375641    
   4.64669800       114.999908       9.20007324    
   4.69720554       116.249908       8.13758087    
   4.74771309       117.499901       7.05007935    
   4.79822063       118.749901       5.93758392    
   4.84872818       119.999901       4.80009460    
   4.89923573       121.249901       3.63759613    
   4.94974327       122.499893       2.45009613    
   5.00025082       123.749893       1.23760223    
   5.05075836       124.999893       1.06811523E-04
